Top_Y 0.349300 Left_X -0.349300
dx 0.001400 dy 0.001400
HEllo
Scan Line 318 to 392 --------------------------
Scan Line -0.095900 to -0.199500 --------------------------
FIX IT FELIX --size-- 0
B value --> -0.0959
-0.1001  -0.0973
0.958795
-0.1001  -0.0987
0.958773
-0.1001  -0.1001
0.958751
-0.1001  -0.1015
0.958729
-0.1001  -0.1029
0.958707
-0.1001  -0.1043
0.958684
-0.1001  -0.1057
0.958662
-0.1001  -0.1071
0.95864
-0.1001  -0.1085
0.958618
-0.1001  -0.1099
0.958596
-0.1001  -0.1113
0.958573
-0.1001  -0.1127
0.958551
-0.1001  -0.1141
0.958529
-0.1001  -0.1155
0.958507
-0.1001  -0.1169
0.958485
-0.1001  -0.1183
0.958462
-0.1001  -0.1197
0.95844
-0.1001  -0.1211
0.958418
-0.1001  -0.1225
0.958396
-0.1001  -0.1239
0.958374
-0.1001  -0.1253
0.958351
-0.1001  -0.1267
0.958329
-0.1001  -0.1281
0.958307
-0.1001  -0.1295
0.958285
-0.1001  -0.1309
0.958263
-0.1001  -0.1323
0.95824
-0.1001  -0.1337
0.958218
-0.1001  -0.1351
0.958196
-0.1001  -0.1365
0.958174
-0.1001  -0.1379
0.958152
-0.1001  -0.1393
0.958129
-0.1015  -0.1407
0.958096
-0.1015  -0.1421
0.958074
-0.1015  -0.1435
0.958051
-0.1015  -0.1449
0.958029
-0.1015  -0.1463
0.958007
-0.1015  -0.1477
0.957985
-0.1015  -0.1491
0.957963
-0.1015  -0.1505
0.95794
-0.1015  -0.1519
0.957918
-0.1015  -0.1533
0.957896
-0.1015  -0.1547
0.957874
-0.1015  -0.1561
0.957852
-0.1015  -0.1575
0.95783
-0.1015  -0.1589
0.957807
-0.1015  -0.1603
0.957785
-0.1015  -0.1617
0.957763
-0.1015  -0.1631
0.957741
-0.1015  -0.1645
0.957719
-0.1015  -0.1659
0.957696
-0.1015  -0.1673
0.957674
-0.1015  -0.1687
0.957652
-0.1015  -0.1701
0.95763
-0.1015  -0.1715
0.957608
-0.1015  -0.1729
0.957585
-0.1015  -0.1743
0.957563
-0.1015  -0.1757
0.957541
-0.1015  -0.1771
0.957519
-0.1015  -0.1785
0.957497
-0.1015  -0.1799
0.957474
-0.1015  -0.1813
0.957452
-0.1015  -0.1827
0.95743
-0.1015  -0.1841
0.957408
-0.1015  -0.1855
0.957386
-0.1015  -0.1869
0.957363
-0.1015  -0.1883
0.957341
-0.1015  -0.1897
0.957319
-0.1015  -0.1911
0.957297
-0.1015  -0.1925
0.957275
-0.1015  -0.1939
0.957252
-0.1015  -0.1953
0.95723
-0.1015  -0.1967
0.957208
-0.1015  -0.1981
0.957186
FIX IT FELIX --size-- 0
B value --> -0.1995
HEllo
Scan Line 248 to 392 --------------------------
Scan Line 0.002100 to -0.199500 --------------------------
FIX IT FELIX --size-- 0
B value --> 0.0021
-0.0987  0.0007
0.96036
-0.0987  -0.0007
0.960338
-0.0987  -0.0021
0.960316
-0.0987  -0.0035
0.960294
-0.0987  -0.0049
0.960272
-0.0987  -0.0063
0.960249
-0.0987  -0.0077
0.960227
-0.0987  -0.0091
0.960205
-0.0987  -0.0105
0.960183
-0.0987  -0.0119
0.960161
-0.0987  -0.0133
0.960138
-0.0987  -0.0147
0.960116
-0.0987  -0.0161
0.960094
-0.0987  -0.0175
0.960072
-0.0987  -0.0189
0.96005
-0.0987  -0.0203
0.960027
-0.0987  -0.0217
0.960005
-0.0987  -0.0231
0.959983
-0.0987  -0.0245
0.959961
-0.0987  -0.0259
0.959939
-0.0987  -0.0273
0.959916
-0.0987  -0.0287
0.959894
-0.0987  -0.0301
0.959872
-0.0987  -0.0315
0.95985
-0.0987  -0.0329
0.959828
-0.0987  -0.0343
0.959805
-0.0987  -0.0357
0.959783
-0.0987  -0.0371
0.959761
-0.0987  -0.0385
0.959739
-0.0987  -0.0399
0.959717
-0.0987  -0.0413
0.959695
-0.0987  -0.0427
0.959672
-0.0987  -0.0441
0.95965
-0.0987  -0.0455
0.959628
-0.0987  -0.0469
0.959606
-0.0987  -0.0483
0.959584
-0.0987  -0.0497
0.959561
-0.0987  -0.0511
0.959539
-0.0987  -0.0525
0.959517
-0.0987  -0.0539
0.959495
-0.0987  -0.0553
0.959473
-0.0987  -0.0567
0.95945
-0.0987  -0.0581
0.959428
-0.0987  -0.0595
0.959406
-0.0987  -0.0609
0.959384
-0.0987  -0.0623
0.959362
-0.0987  -0.0637
0.959339
-0.0987  -0.0651
0.959317
-0.0987  -0.0665
0.959295
-0.1001  -0.0679
0.959261
-0.1001  -0.0693
0.959239
-0.1001  -0.0707
0.959217
-0.1001  -0.0721
0.959195
-0.1001  -0.0735
0.959173
-0.1001  -0.0749
0.95915
-0.1001  -0.0763
0.959128
-0.1001  -0.0777
0.959106
-0.1001  -0.0791
0.959084
-0.1001  -0.0805
0.959062
-0.1001  -0.0819
0.959039
-0.1001  -0.0833
0.959017
-0.1001  -0.0847
0.958995
-0.1001  -0.0861
0.958973
-0.1001  -0.0875
0.958951
-0.1001  -0.0889
0.958928
-0.1001  -0.0903
0.958906
-0.1001  -0.0917
0.958884
-0.1001  -0.0931
0.958862
-0.1001  -0.0945
0.95884
-0.1001  -0.0959
0.958818
-0.1001  -0.0973
0.958795
-0.1001  -0.0987
0.958773
-0.1001  -0.1001
0.958751
-0.1001  -0.1015
0.958729
-0.1001  -0.1029
0.958707
-0.1001  -0.1043
0.958684
-0.1001  -0.1057
0.958662
-0.1001  -0.1071
0.95864
-0.1001  -0.1085
0.958618
-0.1001  -0.1099
0.958596
-0.1001  -0.1113
0.958573
-0.1001  -0.1127
0.958551
-0.1001  -0.1141
0.958529
-0.1001  -0.1155
0.958507
-0.1001  -0.1169
0.958485
-0.1001  -0.1183
0.958462
-0.1001  -0.1197
0.95844
-0.1001  -0.1211
0.958418
-0.1001  -0.1225
0.958396
-0.1001  -0.1239
0.958374
-0.1001  -0.1253
0.958351
-0.1001  -0.1267
0.958329
-0.1001  -0.1281
0.958307
-0.1001  -0.1295
0.958285
-0.1001  -0.1309
0.958263
-0.1001  -0.1323
0.95824
-0.1001  -0.1337
0.958218
-0.1001  -0.1351
0.958196
-0.1001  -0.1365
0.958174
-0.1001  -0.1379
0.958152
-0.1001  -0.1393
0.958129
-0.1015  -0.1407
0.958096
-0.1015  -0.1421
0.958074
-0.1015  -0.1435
0.958051
-0.1015  -0.1449
0.958029
-0.1015  -0.1463
0.958007
-0.1015  -0.1477
0.957985
-0.1015  -0.1491
0.957963
-0.1015  -0.1505
0.95794
-0.1015  -0.1519
0.957918
-0.1015  -0.1533
0.957896
-0.1015  -0.1547
0.957874
-0.1015  -0.1561
0.957852
-0.1015  -0.1575
0.95783
-0.1015  -0.1589
0.957807
-0.1015  -0.1603
0.957785
-0.1015  -0.1617
0.957763
-0.1015  -0.1631
0.957741
-0.1015  -0.1645
0.957719
-0.1015  -0.1659
0.957696
-0.1015  -0.1673
0.957674
-0.1015  -0.1687
0.957652
-0.1015  -0.1701
0.95763
-0.1015  -0.1715
0.957608
-0.1015  -0.1729
0.957585
-0.1015  -0.1743
0.957563
-0.1015  -0.1757
0.957541
-0.1015  -0.1771
0.957519
-0.1015  -0.1785
0.957497
-0.1015  -0.1799
0.957474
-0.1015  -0.1813
0.957452
-0.1015  -0.1827
0.95743
-0.1015  -0.1841
0.957408
-0.1015  -0.1855
0.957386
-0.1015  -0.1869
0.957363
-0.1015  -0.1883
0.957341
-0.1015  -0.1897
0.957319
-0.1015  -0.1911
0.957297
-0.1015  -0.1925
0.957275
-0.1015  -0.1939
0.957252
-0.1015  -0.1953
0.95723
-0.1015  -0.1967
0.957208
-0.1015  -0.1981
0.957186
FIX IT FELIX --size-- 0
B value --> -0.1995
HEllo
Scan Line 253 to 392 --------------------------
Scan Line -0.004900 to -0.199500 --------------------------
FIX IT FELIX --size-- 0
B value --> -0.0049
0.2835  -0.0063
0.963354
0.2835  -0.0077
0.963332
0.2835  -0.0091
0.96331
0.2835  -0.0105
0.963287
0.2835  -0.0119
0.963265
0.2835  -0.0133
0.963243
0.2835  -0.0147
0.963221
0.2835  -0.0161
0.963199
0.2835  -0.0175
0.963176
0.2835  -0.0189
0.963154
0.2835  -0.0203
0.963132
0.2835  -0.0217
0.96311
0.2849  -0.0231
0.963099
0.2849  -0.0245
0.963077
0.2849  -0.0259
0.963055
0.2849  -0.0273
0.963032
0.2849  -0.0287
0.96301
0.2849  -0.0301
0.962988
0.2849  -0.0315
0.962966
0.2849  -0.0329
0.962944
0.2849  -0.0343
0.962921
0.2849  -0.0357
0.962899
0.2849  -0.0371
0.962877
0.2849  -0.0385
0.962855
0.2849  -0.0399
0.962833
0.2849  -0.0413
0.96281
0.2849  -0.0427
0.962788
0.2849  -0.0441
0.962766
0.2849  -0.0455
0.962744
0.2849  -0.0469
0.962722
0.2863  -0.0483
0.962711
0.2863  -0.0497
0.962689
0.2863  -0.0511
0.962666
0.2863  -0.0525
0.962644
0.2863  -0.0539
0.962622
0.2863  -0.0553
0.9626
0.2863  -0.0567
0.962578
0.2863  -0.0581
0.962555
0.2863  -0.0595
0.962533
0.2863  -0.0609
0.962511
0.2863  -0.0623
0.962489
0.2863  -0.0637
0.962467
0.2863  -0.0651
0.962444
0.2863  -0.0665
0.962422
0.2863  -0.0679
0.9624
0.2863  -0.0693
0.962378
0.2863  -0.0707
0.962356
0.2863  -0.0721
0.962333
0.2877  -0.0735
0.962323
0.2877  -0.0749
0.9623
0.2877  -0.0763
0.962278
0.2877  -0.0777
0.962256
0.2877  -0.0791
0.962234
0.2877  -0.0805
0.962212
0.2877  -0.0819
0.962189
0.2877  -0.0833
0.962167
0.2877  -0.0847
0.962145
0.2877  -0.0861
0.962123
0.2877  -0.0875
0.962101
0.2877  -0.0889
0.962078
0.2877  -0.0903
0.962056
0.2877  -0.0917
0.962034
0.2877  -0.0931
0.962012
0.2877  -0.0945
0.96199
0.2877  -0.0959
0.961968
0.2877  -0.0973
0.961945
0.2891  -0.0987
0.961934
0.2891  -0.1001
0.961912
0.2891  -0.1015
0.96189
0.2891  -0.1029
0.961868
0.2891  -0.1043
0.961846
0.2891  -0.1057
0.961824
0.2891  -0.1071
0.961801
0.2891  -0.1085
0.961779
0.2891  -0.1099
0.961757
0.2891  -0.1113
0.961735
0.2891  -0.1127
0.961713
0.2891  -0.1141
0.96169
0.2891  -0.1155
0.961668
0.2891  -0.1169
0.961646
0.2891  -0.1183
0.961624
0.2891  -0.1197
0.961602
0.2891  -0.1211
0.961579
0.2905  -0.1225
0.961569
0.2905  -0.1239
0.961546
0.2905  -0.1253
0.961524
0.2905  -0.1267
0.961502
0.2905  -0.1281
0.96148
0.2905  -0.1295
0.961458
0.2905  -0.1309
0.961435
0.2905  -0.1323
0.961413
0.2905  -0.1337
0.961391
0.2905  -0.1351
0.961369
0.2905  -0.1365
0.961347
0.2905  -0.1379
0.961324
0.2905  -0.1393
0.961302
0.2905  -0.1407
0.96128
0.2905  -0.1421
0.961258
0.2905  -0.1435
0.961236
0.2905  -0.1449
0.961213
0.2905  -0.1463
0.961191
0.2919  -0.1477
0.96118
0.2919  -0.1491
0.961158
0.2919  -0.1505
0.961136
0.2919  -0.1519
0.961114
0.2919  -0.1533
0.961092
0.2919  -0.1547
0.961069
0.2919  -0.1561
0.961047
0.2919  -0.1575
0.961025
0.2919  -0.1589
0.961003
0.2919  -0.1603
0.960981
0.2919  -0.1617
0.960958
0.2919  -0.1631
0.960936
0.2919  -0.1645
0.960914
0.2919  -0.1659
0.960892
0.2919  -0.1673
0.96087
0.2919  -0.1687
0.960847
0.2919  -0.1701
0.960825
0.2919  -0.1715
0.960803
0.2933  -0.1729
0.960792
0.2933  -0.1743
0.96077
0.2933  -0.1757
0.960748
0.2933  -0.1771
0.960726
0.2933  -0.1785
0.960703
0.2933  -0.1799
0.960681
0.2933  -0.1813
0.960659
0.2933  -0.1827
0.960637
0.2933  -0.1841
0.960615
0.2933  -0.1855
0.960592
0.2933  -0.1869
0.96057
0.2933  -0.1883
0.960548
0.2933  -0.1897
0.960526
0.2933  -0.1911
0.960504
0.2933  -0.1925
0.960482
0.2933  -0.1939
0.960459
0.2933  -0.1953
0.960437
0.2933  -0.1967
0.960415
0.2947  -0.1981
0.960404
FIX IT FELIX --size-- 0
B value --> -0.1995
HEllo
Scan Line 253 to 392 --------------------------
Scan Line -0.004900 to -0.199500 --------------------------
FIX IT FELIX --size-- 0
B value --> -0.0049
0.2821  -0.0063
0.963343
0.2807  -0.0077
0.963309
0.2793  -0.0091
0.963275
0.2779  -0.0105
0.963242
0.2765  -0.0119
0.963208
0.2765  -0.0133
0.963186
0.2751  -0.0147
0.963152
0.2737  -0.0161
0.963119
0.2723  -0.0175
0.963085
0.2709  -0.0189
0.963052
0.2695  -0.0203
0.963018
0.2681  -0.0217
0.962985
0.2667  -0.0231
0.962951
0.2653  -0.0245
0.962918
0.2639  -0.0259
0.962884
0.2625  -0.0273
0.96285
0.2611  -0.0287
0.962817
0.2597  -0.0301
0.962783
0.2583  -0.0315
0.96275
0.2569  -0.0329
0.962716
0.2555  -0.0343
0.962683
0.2541  -0.0357
0.962649
0.2527  -0.0371
0.962615
0.2513  -0.0385
0.962582
0.2513  -0.0399
0.96256
0.2499  -0.0413
0.962526
0.2485  -0.0427
0.962493
0.2471  -0.0441
0.962459
0.2457  -0.0455
0.962425
0.2443  -0.0469
0.962392
0.2429  -0.0483
0.962358
0.2415  -0.0497
0.962325
0.2401  -0.0511
0.962291
0.2387  -0.0525
0.962258
0.2373  -0.0539
0.962224
0.2359  -0.0553
0.96219
0.2345  -0.0567
0.962157
0.2331  -0.0581
0.962123
0.2317  -0.0595
0.96209
0.2303  -0.0609
0.962056
0.2289  -0.0623
0.962023
0.2275  -0.0637
0.961989
0.2261  -0.0651
0.961955
0.2261  -0.0665
0.961933
0.2247  -0.0679
0.9619
0.2233  -0.0693
0.961866
0.2219  -0.0707
0.961833
0.2205  -0.0721
0.961799
0.2191  -0.0735
0.961765
0.2177  -0.0749
0.961732
0.2163  -0.0763
0.961698
0.2149  -0.0777
0.961665
0.2135  -0.0791
0.961631
0.2121  -0.0805
0.961598
0.2107  -0.0819
0.961564
0.2093  -0.0833
0.96153
0.2079  -0.0847
0.961497
0.2065  -0.0861
0.961463
0.2051  -0.0875
0.96143
0.2037  -0.0889
0.961396
0.2023  -0.0903
0.961363
0.2023  -0.0917
0.96134
0.2009  -0.0931
0.961307
0.1995  -0.0945
0.961273
0.1981  -0.0959
0.96124
0.1967  -0.0973
0.961206
0.1953  -0.0987
0.961173
0.1939  -0.1001
0.961139
0.1925  -0.1015
0.961105
0.1911  -0.1029
0.961072
0.1897  -0.1043
0.961038
0.1883  -0.1057
0.961005
0.1869  -0.1071
0.960971
0.1855  -0.1085
0.960938
0.1841  -0.1099
0.960904
0.1827  -0.1113
0.96087
0.1813  -0.1127
0.960837
0.1799  -0.1141
0.960803
0.1785  -0.1155
0.96077
0.1771  -0.1169
0.960736
0.1771  -0.1183
0.960714
0.1757  -0.1197
0.96068
0.1743  -0.1211
0.960647
0.1729  -0.1225
0.960613
0.1715  -0.1239
0.96058
0.1701  -0.1253
0.960546
0.1687  -0.1267
0.960513
0.1673  -0.1281
0.960479
0.1659  -0.1295
0.960445
0.1645  -0.1309
0.960412
0.1631  -0.1323
0.960378
0.1617  -0.1337
0.960345
0.1603  -0.1351
0.960311
0.1589  -0.1365
0.960278
0.1575  -0.1379
0.960244
0.1561  -0.1393
0.96021
0.1547  -0.1407
0.960177
0.1533  -0.1421
0.960143
0.1519  -0.1435
0.96011
0.1519  -0.1449
0.960088
0.1505  -0.1463
0.960054
0.1491  -0.1477
0.96002
0.1477  -0.1491
0.959987
0.1463  -0.1505
0.959953
0.1449  -0.1519
0.95992
0.1435  -0.1533
0.959886
0.1421  -0.1547
0.959853
0.1407  -0.1561
0.959819
0.1393  -0.1575
0.959785
0.1379  -0.1589
0.959752
0.1365  -0.1603
0.959718
0.1351  -0.1617
0.959685
0.1337  -0.1631
0.959651
0.1323  -0.1645
0.959618
0.1309  -0.1659
0.959584
0.1295  -0.1673
0.959551
0.1281  -0.1687
0.959517
0.1267  -0.1701
0.959483
0.1267  -0.1715
0.959461
0.1253  -0.1729
0.959428
0.1239  -0.1743
0.959394
0.1225  -0.1757
0.95936
0.1211  -0.1771
0.959327
0.1197  -0.1785
0.959293
0.1183  -0.1799
0.95926
0.1169  -0.1813
0.959226
0.1155  -0.1827
0.959193
0.1141  -0.1841
0.959159
0.1127  -0.1855
0.959126
0.1113  -0.1869
0.959092
0.1099  -0.1883
0.959058
0.1085  -0.1897
0.959025
0.1071  -0.1911
0.958991
0.1057  -0.1925
0.958958
0.1043  -0.1939
0.958924
0.1029  -0.1953
0.958891
0.1015  -0.1967
0.958857
0.1015  -0.1981
0.958835
FIX IT FELIX --size-- 0
B value --> -0.1995
HEllo
Scan Line 125 to 392 --------------------------
Scan Line 0.174300 to -0.199500 --------------------------
FIX IT FELIX --size-- 0
B value --> 0.1743
0.2723  0.1729
0.966104
0.2709  0.1715
0.96607
0.2695  0.1701
0.966037
0.2681  0.1687
0.966003
0.2667  0.1673
0.96597
0.2653  0.1659
0.965936
0.2639  0.1645
0.965903
0.2625  0.1631
0.965869
0.2611  0.1617
0.965835
0.2597  0.1603
0.965802
0.2583  0.1589
0.965768
0.2569  0.1575
0.965735
0.2555  0.1561
0.965701
0.2541  0.1547
0.965668
0.2527  0.1533
0.965634
0.2513  0.1519
0.9656
0.2499  0.1505
0.965567
0.2485  0.1491
0.965533
0.2471  0.1477
0.9655
0.2457  0.1463
0.965466
0.2443  0.1449
0.965433
0.2429  0.1435
0.965399
0.2415  0.1421
0.965366
0.2401  0.1407
0.965332
0.2387  0.1393
0.965298
0.2373  0.1379
0.965265
0.2359  0.1365
0.965231
0.2345  0.1351
0.965198
0.2331  0.1337
0.965164
0.2317  0.1323
0.965131
0.2303  0.1309
0.965097
0.2289  0.1295
0.965063
0.2275  0.1281
0.96503
0.2261  0.1267
0.964996
0.2247  0.1253
0.964963
0.2233  0.1239
0.964929
0.2219  0.1225
0.964896
0.2205  0.1211
0.964862
0.2177  0.1197
0.964817
0.2163  0.1183
0.964783
0.2149  0.1169
0.96475
0.2135  0.1155
0.964716
0.2121  0.1141
0.964683
0.2107  0.1127
0.964649
0.2093  0.1113
0.964616
0.2079  0.1099
0.964582
0.2065  0.1085
0.964549
0.2051  0.1071
0.964515
0.2037  0.1057
0.964481
0.2023  0.1043
0.964448
0.2009  0.1029
0.964414
0.1995  0.1015
0.964381
0.1981  0.1001
0.964347
0.1967  0.0987
0.964314
0.1953  0.0973
0.96428
0.1939  0.0959
0.964246
0.1925  0.0945
0.964213
0.1911  0.0931
0.964179
0.1897  0.0917
0.964146
0.1883  0.0903
0.964112
0.1869  0.0889
0.964079
0.1855  0.0875
0.964045
0.1841  0.0861
0.964011
0.1827  0.0847
0.963978
0.1813  0.0833
0.963944
0.1799  0.0819
0.963911
0.1785  0.0805
0.963877
0.1771  0.0791
0.963844
0.1757  0.0777
0.96381
0.1743  0.0763
0.963776
0.1729  0.0749
0.963743
0.1715  0.0735
0.963709
0.1701  0.0721
0.963676
0.1687  0.0707
0.963642
0.1673  0.0693
0.963609
0.1659  0.0679
0.963575
0.1645  0.0665
0.963541
0.1631  0.0651
0.963508
0.1617  0.0637
0.963474
0.1603  0.0623
0.963441
0.1589  0.0609
0.963407
0.1575  0.0595
0.963374
0.1561  0.0581
0.96334
0.1547  0.0567
0.963307
0.1533  0.0553
0.963273
0.1519  0.0539
0.963239
0.1505  0.0525
0.963206
0.1491  0.0511
0.963172
0.1477  0.0497
0.963139
0.1463  0.0483
0.963105
0.1449  0.0469
0.963072
0.1435  0.0455
0.963038
0.1421  0.0441
0.963004
0.1407  0.0427
0.962971
0.1393  0.0413
0.962937
0.1379  0.0399
0.962904
0.1365  0.0385
0.96287
0.1351  0.0371
0.962837
0.1337  0.0357
0.962803
0.1323  0.0343
0.962769
0.1309  0.0329
0.962736
0.1295  0.0315
0.962702
0.1281  0.0301
0.962669
0.1267  0.0287
0.962635
0.1253  0.0273
0.962602
0.1239  0.0259
0.962568
0.1225  0.0245
0.962534
0.1211  0.0231
0.962501
0.1197  0.0217
0.962467
0.1183  0.0203
0.962434
0.1169  0.0189
0.9624
0.1155  0.0175
0.962367
0.1141  0.0161
0.962333
0.1127  0.0147
0.962299
0.1113  0.0133
0.962266
0.1099  0.0119
0.962232
0.1085  0.0105
0.962199
0.1071  0.0091
0.962165
0.1057  0.0077
0.962132
0.1043  0.0063
0.962098
0.1029  0.0049
0.962065
0.1015  0.0035
0.962031
0.1001  0.0021
0.961997
0.0987  0.0007
0.961964
0.0973  -0.0007
0.96193
0.0959  -0.0021
0.961897
0.0945  -0.0035
0.961863
0.0931  -0.0049
0.96183
0.0917  -0.0063
0.961796
0.0903  -0.0077
0.961762
0.0889  -0.0091
0.961729
0.0875  -0.0105
0.961695
0.0861  -0.0119
0.961662
0.0847  -0.0133
0.961628
0.0833  -0.0147
0.961595
0.0819  -0.0161
0.961561
0.0805  -0.0175
0.961527
0.0791  -0.0189
0.961494
0.0777  -0.0203
0.96146
0.0763  -0.0217
0.961427
0.0749  -0.0231
0.961393
0.0735  -0.0245
0.96136
0.0721  -0.0259
0.961326
0.0707  -0.0273
0.961292
0.0693  -0.0287
0.961259
0.0679  -0.0301
0.961225
0.0665  -0.0315
0.961192
0.0651  -0.0329
0.961158
0.0637  -0.0343
0.961125
0.0623  -0.0357
0.961091
0.0609  -0.0371
0.961057
0.0595  -0.0385
0.961024
0.0581  -0.0399
0.96099
0.0567  -0.0413
0.960957
0.0553  -0.0427
0.960923
0.0539  -0.0441
0.96089
0.0525  -0.0455
0.960856
0.0511  -0.0469
0.960823
0.0497  -0.0483
0.960789
0.0483  -0.0497
0.960755
0.0469  -0.0511
0.960722
0.0455  -0.0525
0.960688
0.0441  -0.0539
0.960655
0.0427  -0.0553
0.960621
0.0413  -0.0567
0.960588
0.0399  -0.0581
0.960554
0.0385  -0.0595
0.96052
0.0371  -0.0609
0.960487
0.0357  -0.0623
0.960453
0.0343  -0.0637
0.96042
0.0329  -0.0651
0.960386
0.0315  -0.0665
0.960353
0.0301  -0.0679
0.960319
0.0287  -0.0693
0.960285
0.0273  -0.0707
0.960252
0.0259  -0.0721
0.960218
0.0245  -0.0735
0.960185
0.0231  -0.0749
0.960151
0.0217  -0.0763
0.960118
0.0203  -0.0777
0.960084
0.0189  -0.0791
0.96005
0.0175  -0.0805
0.960017
0.0161  -0.0819
0.959983
0.0147  -0.0833
0.95995
0.0133  -0.0847
0.959916
0.0119  -0.0861
0.959883
0.0105  -0.0875
0.959849
0.0091  -0.0889
0.959815
0.0077  -0.0903
0.959782
0.0063  -0.0917
0.959748
0.0049  -0.0931
0.959715
0.0035  -0.0945
0.959681
0.0021  -0.0959
0.959648
0.0007  -0.0973
0.959614
-0.0007  -0.0987
0.959581
-0.0021  -0.1001
0.959547
-0.0035  -0.1015
0.959513
-0.0049  -0.1029
0.95948
-0.0063  -0.1043
0.959446
-0.0077  -0.1057
0.959413
-0.0091  -0.1071
0.959379
-0.0105  -0.1085
0.959346
-0.0119  -0.1099
0.959312
-0.0133  -0.1113
0.959278
-0.0147  -0.1127
0.959245
-0.0161  -0.1141
0.959211
-0.0175  -0.1155
0.959178
-0.0189  -0.1169
0.959144
-0.0203  -0.1183
0.959111
-0.0217  -0.1197
0.959077
-0.0231  -0.1211
0.959043
-0.0245  -0.1225
0.95901
-0.0259  -0.1239
0.958976
-0.0273  -0.1253
0.958943
-0.0287  -0.1267
0.958909
-0.0301  -0.1281
0.958876
-0.0315  -0.1295
0.958842
-0.0329  -0.1309
0.958808
-0.0343  -0.1323
0.958775
-0.0357  -0.1337
0.958741
-0.0371  -0.1351
0.958708
-0.0385  -0.1365
0.958674
-0.0399  -0.1379
0.958641
-0.0413  -0.1393
0.958607
-0.0427  -0.1407
0.958573
-0.0441  -0.1421
0.95854
-0.0455  -0.1435
0.958506
-0.0469  -0.1449
0.958473
-0.0483  -0.1463
0.958439
-0.0497  -0.1477
0.958406
-0.0511  -0.1491
0.958372
-0.0539  -0.1505
0.958327
-0.0553  -0.1519
0.958294
-0.0567  -0.1533
0.95826
-0.0581  -0.1547
0.958226
-0.0595  -0.1561
0.958193
-0.0609  -0.1575
0.958159
-0.0623  -0.1589
0.958126
-0.0637  -0.1603
0.958092
-0.0651  -0.1617
0.958059
-0.0665  -0.1631
0.958025
-0.0679  -0.1645
0.957991
-0.0693  -0.1659
0.957958
-0.0707  -0.1673
0.957924
-0.0721  -0.1687
0.957891
-0.0735  -0.1701
0.957857
-0.0749  -0.1715
0.957824
-0.0763  -0.1729
0.95779
-0.0777  -0.1743
0.957756
-0.0791  -0.1757
0.957723
-0.0805  -0.1771
0.957689
-0.0819  -0.1785
0.957656
-0.0833  -0.1799
0.957622
-0.0847  -0.1813
0.957589
-0.0861  -0.1827
0.957555
-0.0875  -0.1841
0.957522
-0.0889  -0.1855
0.957488
-0.0903  -0.1869
0.957454
-0.0917  -0.1883
0.957421
-0.0931  -0.1897
0.957387
-0.0945  -0.1911
0.957354
-0.0959  -0.1925
0.95732
-0.0973  -0.1939
0.957287
-0.0987  -0.1953
0.957253
-0.1001  -0.1967
0.957219
-0.1015  -0.1981
0.957186
FIX IT FELIX --size-- 0
B value --> -0.1995
HEllo
Scan Line 253 to 392 --------------------------
Scan Line -0.004900 to -0.199500 --------------------------
FIX IT FELIX --size-- 0
B value --> -0.0049
0.2835  -0.0063
0.963354
0.2835  -0.0077
0.963332
0.2835  -0.0091
0.96331
0.2835  -0.0105
0.963287
0.2835  -0.0119
0.963265
0.2835  -0.0133
0.963243
0.2835  -0.0147
0.963221
0.2835  -0.0161
0.963199
0.2835  -0.0175
0.963176
0.2835  -0.0189
0.963154
0.2835  -0.0203
0.963132
0.2835  -0.0217
0.96311
0.2849  -0.0231
0.963099
0.2849  -0.0245
0.963077
0.2849  -0.0259
0.963055
0.2849  -0.0273
0.963032
0.2849  -0.0287
0.96301
0.2849  -0.0301
0.962988
0.2849  -0.0315
0.962966
0.2849  -0.0329
0.962944
0.2849  -0.0343
0.962921
0.2849  -0.0357
0.962899
0.2849  -0.0371
0.962877
0.2849  -0.0385
0.962855
0.2849  -0.0399
0.962833
0.2849  -0.0413
0.96281
0.2849  -0.0427
0.962788
0.2849  -0.0441
0.962766
0.2849  -0.0455
0.962744
0.2849  -0.0469
0.962722
0.2863  -0.0483
0.962711
0.2863  -0.0497
0.962689
0.2863  -0.0511
0.962666
0.2863  -0.0525
0.962644
0.2863  -0.0539
0.962622
0.2863  -0.0553
0.9626
0.2863  -0.0567
0.962578
0.2863  -0.0581
0.962555
0.2863  -0.0595
0.962533
0.2863  -0.0609
0.962511
0.2863  -0.0623
0.962489
0.2863  -0.0637
0.962467
0.2863  -0.0651
0.962444
0.2863  -0.0665
0.962422
0.2863  -0.0679
0.9624
0.2863  -0.0693
0.962378
0.2863  -0.0707
0.962356
0.2863  -0.0721
0.962333
0.2877  -0.0735
0.962323
0.2877  -0.0749
0.9623
0.2877  -0.0763
0.962278
0.2877  -0.0777
0.962256
0.2877  -0.0791
0.962234
0.2877  -0.0805
0.962212
0.2877  -0.0819
0.962189
0.2877  -0.0833
0.962167
0.2877  -0.0847
0.962145
0.2877  -0.0861
0.962123
0.2877  -0.0875
0.962101
0.2877  -0.0889
0.962078
0.2877  -0.0903
0.962056
0.2877  -0.0917
0.962034
0.2877  -0.0931
0.962012
0.2877  -0.0945
0.96199
0.2877  -0.0959
0.961968
0.2877  -0.0973
0.961945
0.2891  -0.0987
0.961934
0.2891  -0.1001
0.961912
0.2891  -0.1015
0.96189
0.2891  -0.1029
0.961868
0.2891  -0.1043
0.961846
0.2891  -0.1057
0.961824
0.2891  -0.1071
0.961801
0.2891  -0.1085
0.961779
0.2891  -0.1099
0.961757
0.2891  -0.1113
0.961735
0.2891  -0.1127
0.961713
0.2891  -0.1141
0.96169
0.2891  -0.1155
0.961668
0.2891  -0.1169
0.961646
0.2891  -0.1183
0.961624
0.2891  -0.1197
0.961602
0.2891  -0.1211
0.961579
0.2905  -0.1225
0.961569
0.2905  -0.1239
0.961546
0.2905  -0.1253
0.961524
0.2905  -0.1267
0.961502
0.2905  -0.1281
0.96148
0.2905  -0.1295
0.961458
0.2905  -0.1309
0.961435
0.2905  -0.1323
0.961413
0.2905  -0.1337
0.961391
0.2905  -0.1351
0.961369
0.2905  -0.1365
0.961347
0.2905  -0.1379
0.961324
0.2905  -0.1393
0.961302
0.2905  -0.1407
0.96128
0.2905  -0.1421
0.961258
0.2905  -0.1435
0.961236
0.2905  -0.1449
0.961213
0.2905  -0.1463
0.961191
0.2919  -0.1477
0.96118
0.2919  -0.1491
0.961158
0.2919  -0.1505
0.961136
0.2919  -0.1519
0.961114
0.2919  -0.1533
0.961092
0.2919  -0.1547
0.961069
0.2919  -0.1561
0.961047
0.2919  -0.1575
0.961025
0.2919  -0.1589
0.961003
0.2919  -0.1603
0.960981
0.2919  -0.1617
0.960958
0.2919  -0.1631
0.960936
0.2919  -0.1645
0.960914
0.2919  -0.1659
0.960892
0.2919  -0.1673
0.96087
0.2919  -0.1687
0.960847
0.2919  -0.1701
0.960825
0.2919  -0.1715
0.960803
0.2933  -0.1729
0.960792
0.2933  -0.1743
0.96077
0.2933  -0.1757
0.960748
0.2933  -0.1771
0.960726
0.2933  -0.1785
0.960703
0.2933  -0.1799
0.960681
0.2933  -0.1813
0.960659
0.2933  -0.1827
0.960637
0.2933  -0.1841
0.960615
0.2933  -0.1855
0.960592
0.2933  -0.1869
0.96057
0.2933  -0.1883
0.960548
0.2933  -0.1897
0.960526
0.2933  -0.1911
0.960504
0.2933  -0.1925
0.960482
0.2933  -0.1939
0.960459
0.2933  -0.1953
0.960437
0.2933  -0.1967
0.960415
0.2947  -0.1981
0.960404
FIX IT FELIX --size-- 0
B value --> -0.1995
HEllo
Scan Line 253 to 392 --------------------------
Scan Line -0.004900 to -0.199500 --------------------------
FIX IT FELIX --size-- 0
B value --> -0.0049
0.2835  -0.0063
0.963305
0.2835  -0.0077
0.963299
0.2835  -0.0091
0.963294
0.2835  -0.0105
0.963288
0.2835  -0.0119
0.963283
0.2835  -0.0133
0.963277
0.2835  -0.0147
0.963272
0.2835  -0.0161
0.963266
0.2835  -0.0175
0.963261
0.2835  -0.0189
0.963255
0.2835  -0.0203
0.963249
0.2835  -0.0217
0.963244
0.2849  -0.0231
0.962954
0.2849  -0.0245
0.962949
0.2849  -0.0259
0.962943
0.2849  -0.0273
0.962937
0.2849  -0.0287
0.962932
0.2849  -0.0301
0.962926
0.2849  -0.0315
0.962921
0.2849  -0.0329
0.962915
0.2849  -0.0343
0.96291
0.2849  -0.0357
0.962904
0.2849  -0.0371
0.962899
0.2849  -0.0385
0.962893
0.2849  -0.0399
0.962888
0.2849  -0.0413
0.962882
0.2849  -0.0427
0.962876
0.2849  -0.0441
0.962871
0.2849  -0.0455
0.962865
0.2849  -0.0469
0.96286
0.2863  -0.0483
0.96257
0.2863  -0.0497
0.962564
0.2863  -0.0511
0.962559
0.2863  -0.0525
0.962553
0.2863  -0.0539
0.962548
0.2863  -0.0553
0.962542
0.2863  -0.0567
0.962537
0.2863  -0.0581
0.962531
0.2863  -0.0595
0.962526
0.2863  -0.0609
0.96252
0.2863  -0.0623
0.962514
0.2863  -0.0637
0.962509
0.2863  -0.0651
0.962503
0.2863  -0.0665
0.962498
0.2863  -0.0679
0.962492
0.2863  -0.0693
0.962487
0.2863  -0.0707
0.962481
0.2863  -0.0721
0.962476
0.2877  -0.0735
0.962186
0.2877  -0.0749
0.96218
0.2877  -0.0763
0.962175
0.2877  -0.0777
0.962169
0.2877  -0.0791
0.962164
0.2877  -0.0805
0.962158
0.2877  -0.0819
0.962152
0.2877  -0.0833
0.962147
0.2877  -0.0847
0.962141
0.2877  -0.0861
0.962136
0.2877  -0.0875
0.96213
0.2877  -0.0889
0.962125
0.2877  -0.0903
0.962119
0.2877  -0.0917
0.962114
0.2877  -0.0931
0.962108
0.2877  -0.0945
0.962103
0.2877  -0.0959
0.962097
0.2877  -0.0973
0.962091
0.2891  -0.0987
0.961802
0.2891  -0.1001
0.961796
0.2891  -0.1015
0.96179
0.2891  -0.1029
0.961785
0.2891  -0.1043
0.961779
0.2891  -0.1057
0.961774
0.2891  -0.1071
0.961768
0.2891  -0.1085
0.961763
0.2891  -0.1099
0.961757
0.2891  -0.1113
0.961752
0.2891  -0.1127
0.961746
0.2891  -0.1141
0.961741
0.2891  -0.1155
0.961735
0.2891  -0.1169
0.961729
0.2891  -0.1183
0.961724
0.2891  -0.1197
0.961718
0.2891  -0.1211
0.961713
0.2905  -0.1225
0.961423
0.2905  -0.1239
0.961417
0.2905  -0.1253
0.961412
0.2905  -0.1267
0.961406
0.2905  -0.1281
0.961401
0.2905  -0.1295
0.961395
0.2905  -0.1309
0.96139
0.2905  -0.1323
0.961384
0.2905  -0.1337
0.961379
0.2905  -0.1351
0.961373
0.2905  -0.1365
0.961367
0.2905  -0.1379
0.961362
0.2905  -0.1393
0.961356
0.2905  -0.1407
0.961351
0.2905  -0.1421
0.961345
0.2905  -0.1435
0.96134
0.2905  -0.1449
0.961334
0.2905  -0.1463
0.961329
0.2919  -0.1477
0.961039
0.2919  -0.1491
0.961033
0.2919  -0.1505
0.961028
0.2919  -0.1519
0.961022
0.2919  -0.1533
0.961017
0.2919  -0.1547
0.961011
0.2919  -0.1561
0.961006
0.2919  -0.1575
0.961
0.2919  -0.1589
0.960994
0.2919  -0.1603
0.960989
0.2919  -0.1617
0.960983
0.2919  -0.1631
0.960978
0.2919  -0.1645
0.960972
0.2919  -0.1659
0.960967
0.2919  -0.1673
0.960961
0.2919  -0.1687
0.960956
0.2919  -0.1701
0.96095
0.2919  -0.1715
0.960944
0.2933  -0.1729
0.960655
0.2933  -0.1743
0.960649
0.2933  -0.1757
0.960644
0.2933  -0.1771
0.960638
0.2933  -0.1785
0.960632
0.2933  -0.1799
0.960627
0.2933  -0.1813
0.960621
0.2933  -0.1827
0.960616
0.2933  -0.1841
0.96061
0.2933  -0.1855
0.960605
0.2933  -0.1869
0.960599
0.2933  -0.1883
0.960594
0.2933  -0.1897
0.960588
0.2933  -0.1911
0.960582
0.2933  -0.1925
0.960577
0.2933  -0.1939
0.960571
0.2933  -0.1953
0.960566
0.2933  -0.1967
0.96056
0.2947  -0.1981
0.96027
FIX IT FELIX --size-- 0
B value --> -0.1995
HEllo
Scan Line 253 to 392 --------------------------
Scan Line -0.004900 to -0.199500 --------------------------
FIX IT FELIX --size-- 0
B value --> -0.0049
0.2835  -0.0063
0.963354
0.2835  -0.0077
0.963332
0.2835  -0.0091
0.96331
0.2835  -0.0105
0.963287
0.2835  -0.0119
0.963265
0.2835  -0.0133
0.963243
0.2835  -0.0147
0.963221
0.2835  -0.0161
0.963199
0.2835  -0.0175
0.963176
0.2835  -0.0189
0.963154
0.2835  -0.0203
0.963132
0.2835  -0.0217
0.96311
0.2849  -0.0231
0.963099
0.2849  -0.0245
0.963077
0.2849  -0.0259
0.963055
0.2849  -0.0273
0.963032
0.2849  -0.0287
0.96301
0.2849  -0.0301
0.962988
0.2849  -0.0315
0.962966
0.2849  -0.0329
0.962944
0.2849  -0.0343
0.962921
0.2849  -0.0357
0.962899
0.2849  -0.0371
0.962877
0.2849  -0.0385
0.962855
0.2849  -0.0399
0.962833
0.2849  -0.0413
0.96281
0.2849  -0.0427
0.962788
0.2849  -0.0441
0.962766
0.2849  -0.0455
0.962744
0.2849  -0.0469
0.962722
0.2863  -0.0483
0.962711
0.2863  -0.0497
0.962689
0.2863  -0.0511
0.962666
0.2863  -0.0525
0.962644
0.2863  -0.0539
0.962622
0.2863  -0.0553
0.9626
0.2863  -0.0567
0.962578
0.2863  -0.0581
0.962555
0.2863  -0.0595
0.962533
0.2863  -0.0609
0.962511
0.2863  -0.0623
0.962489
0.2863  -0.0637
0.962467
0.2863  -0.0651
0.962444
0.2863  -0.0665
0.962422
0.2863  -0.0679
0.9624
0.2863  -0.0693
0.962378
0.2863  -0.0707
0.962356
0.2863  -0.0721
0.962333
0.2877  -0.0735
0.962323
0.2877  -0.0749
0.9623
0.2877  -0.0763
0.962278
0.2877  -0.0777
0.962256
0.2877  -0.0791
0.962234
0.2877  -0.0805
0.962212
0.2877  -0.0819
0.962189
0.2877  -0.0833
0.962167
0.2877  -0.0847
0.962145
0.2877  -0.0861
0.962123
0.2877  -0.0875
0.962101
0.2877  -0.0889
0.962078
0.2877  -0.0903
0.962056
0.2877  -0.0917
0.962034
0.2877  -0.0931
0.962012
0.2877  -0.0945
0.96199
0.2877  -0.0959
0.961968
0.2877  -0.0973
0.961945
0.2891  -0.0987
0.961934
0.2891  -0.1001
0.961912
0.2891  -0.1015
0.96189
0.2891  -0.1029
0.961868
0.2891  -0.1043
0.961846
0.2891  -0.1057
0.961824
0.2891  -0.1071
0.961801
0.2891  -0.1085
0.961779
0.2891  -0.1099
0.961757
0.2891  -0.1113
0.961735
0.2891  -0.1127
0.961713
0.2891  -0.1141
0.96169
0.2891  -0.1155
0.961668
0.2891  -0.1169
0.961646
0.2891  -0.1183
0.961624
0.2891  -0.1197
0.961602
0.2891  -0.1211
0.961579
0.2905  -0.1225
0.961569
0.2905  -0.1239
0.961546
0.2905  -0.1253
0.961524
0.2905  -0.1267
0.961502
0.2905  -0.1281
0.96148
0.2905  -0.1295
0.961458
0.2905  -0.1309
0.961435
0.2905  -0.1323
0.961413
0.2905  -0.1337
0.961391
0.2905  -0.1351
0.961369
0.2905  -0.1365
0.961347
0.2905  -0.1379
0.961324
0.2905  -0.1393
0.961302
0.2905  -0.1407
0.96128
0.2905  -0.1421
0.961258
0.2905  -0.1435
0.961236
0.2905  -0.1449
0.961213
0.2905  -0.1463
0.961191
0.2919  -0.1477
0.96118
0.2919  -0.1491
0.961158
0.2919  -0.1505
0.961136
0.2919  -0.1519
0.961114
0.2919  -0.1533
0.961092
0.2919  -0.1547
0.961069
0.2919  -0.1561
0.961047
0.2919  -0.1575
0.961025
0.2919  -0.1589
0.961003
0.2919  -0.1603
0.960981
0.2919  -0.1617
0.960958
0.2919  -0.1631
0.960936
0.2919  -0.1645
0.960914
0.2919  -0.1659
0.960892
0.2919  -0.1673
0.96087
0.2919  -0.1687
0.960847
0.2919  -0.1701
0.960825
0.2919  -0.1715
0.960803
0.2933  -0.1729
0.960792
0.2933  -0.1743
0.96077
0.2933  -0.1757
0.960748
0.2933  -0.1771
0.960726
0.2933  -0.1785
0.960703
0.2933  -0.1799
0.960681
0.2933  -0.1813
0.960659
0.2933  -0.1827
0.960637
0.2933  -0.1841
0.960615
0.2933  -0.1855
0.960592
0.2933  -0.1869
0.96057
0.2933  -0.1883
0.960548
0.2933  -0.1897
0.960526
0.2933  -0.1911
0.960504
0.2933  -0.1925
0.960482
0.2933  -0.1939
0.960459
0.2933  -0.1953
0.960437
0.2933  -0.1967
0.960415
0.2947  -0.1981
0.960404
FIX IT FELIX --size-- 0
B value --> -0.1995
HEllo
Scan Line 246 to 392 --------------------------
Scan Line 0.004900 to -0.199500 --------------------------
FIX IT FELIX --size-- 0
B value --> 0.0049
-0.0973  0.0035
0.959215
-0.0973  0.0021
0.959202
-0.0973  0.0007
0.959188
-0.0973  -0.0007
0.959174
-0.0973  -0.0021
0.959161
-0.0973  -0.0035
0.959147
-0.0973  -0.0049
0.959133
-0.0973  -0.0063
0.95912
-0.0973  -0.0077
0.959106
-0.0973  -0.0091
0.959092
-0.0973  -0.0105
0.959078
-0.0973  -0.0119
0.959065
-0.0973  -0.0133
0.959051
-0.0973  -0.0147
0.959037
-0.0973  -0.0161
0.959024
-0.0973  -0.0175
0.95901
-0.0973  -0.0189
0.958996
-0.0973  -0.0203
0.958983
-0.0987  -0.0217
0.958949
-0.0987  -0.0231
0.958935
-0.0987  -0.0245
0.958922
-0.0987  -0.0259
0.958908
-0.0987  -0.0273
0.958894
-0.0987  -0.0287
0.958881
-0.0987  -0.0301
0.958867
-0.0987  -0.0315
0.958853
-0.0987  -0.0329
0.958839
-0.0987  -0.0343
0.958826
-0.0987  -0.0357
0.958812
-0.0987  -0.0371
0.958798
-0.0987  -0.0385
0.958785
-0.0987  -0.0399
0.958771
-0.0987  -0.0413
0.958757
-0.0987  -0.0427
0.958744
-0.0987  -0.0441
0.95873
-0.0987  -0.0455
0.958716
-0.0987  -0.0469
0.958702
-0.0987  -0.0483
0.958689
-0.0987  -0.0497
0.958675
-0.0987  -0.0511
0.958661
-0.0987  -0.0525
0.958648
-0.0987  -0.0539
0.958634
-0.0987  -0.0553
0.95862
-0.0987  -0.0567
0.958607
-0.0987  -0.0581
0.958593
-0.0987  -0.0595
0.958579
-0.0987  -0.0609
0.958565
-0.0987  -0.0623
0.958552
-0.0987  -0.0637
0.958538
-0.0987  -0.0651
0.958524
-0.0987  -0.0665
0.958511
-0.0987  -0.0679
0.958497
-0.0987  -0.0693
0.958483
-0.0987  -0.0707
0.95847
-0.0987  -0.0721
0.958456
-0.0987  -0.0735
0.958442
-0.0987  -0.0749
0.958428
-0.0987  -0.0763
0.958415
-0.0987  -0.0777
0.958401
-0.0987  -0.0791
0.958387
-0.0987  -0.0805
0.958374
-0.0987  -0.0819
0.95836
-0.0987  -0.0833
0.958346
-0.1001  -0.0847
0.958313
-0.1001  -0.0861
0.958299
-0.1001  -0.0875
0.958285
-0.1001  -0.0889
0.958272
-0.1001  -0.0903
0.958258
-0.1001  -0.0917
0.958244
-0.1001  -0.0931
0.95823
-0.1001  -0.0945
0.958217
-0.1001  -0.0959
0.958203
-0.1001  -0.0973
0.958189
-0.1001  -0.0987
0.958176
-0.1001  -0.1001
0.958162
-0.1001  -0.1015
0.958148
-0.1001  -0.1029
0.958135
-0.1001  -0.1043
0.958121
-0.1001  -0.1057
0.958107
-0.1001  -0.1071
0.958093
-0.1001  -0.1085
0.95808
-0.1001  -0.1099
0.958066
-0.1001  -0.1113
0.958052
-0.1001  -0.1127
0.958039
-0.1001  -0.1141
0.958025
-0.1001  -0.1155
0.958011
-0.1001  -0.1169
0.957998
-0.1001  -0.1183
0.957984
-0.1001  -0.1197
0.95797
-0.1001  -0.1211
0.957956
-0.1001  -0.1225
0.957943
-0.1001  -0.1239
0.957929
-0.1001  -0.1253
0.957915
-0.1001  -0.1267
0.957902
-0.1001  -0.1281
0.957888
-0.1001  -0.1295
0.957874
-0.1001  -0.1309
0.957861
-0.1001  -0.1323
0.957847
-0.1001  -0.1337
0.957833
-0.1001  -0.1351
0.957819
-0.1001  -0.1365
0.957806
-0.1001  -0.1379
0.957792
-0.1001  -0.1393
0.957778
-0.1001  -0.1407
0.957765
-0.1001  -0.1421
0.957751
-0.1001  -0.1435
0.957737
-0.1001  -0.1449
0.957724
-0.1001  -0.1463
0.95771
-0.1015  -0.1477
0.957676
-0.1015  -0.1491
0.957663
-0.1015  -0.1505
0.957649
-0.1015  -0.1519
0.957635
-0.1015  -0.1533
0.957622
-0.1015  -0.1547
0.957608
-0.1015  -0.1561
0.957594
-0.1015  -0.1575
0.95758
-0.1015  -0.1589
0.957567
-0.1015  -0.1603
0.957553
-0.1015  -0.1617
0.957539
-0.1015  -0.1631
0.957526
-0.1015  -0.1645
0.957512
-0.1015  -0.1659
0.957498
-0.1015  -0.1673
0.957485
-0.1015  -0.1687
0.957471
-0.1015  -0.1701
0.957457
-0.1015  -0.1715
0.957443
-0.1015  -0.1729
0.95743
-0.1015  -0.1743
0.957416
-0.1015  -0.1757
0.957402
-0.1015  -0.1771
0.957389
-0.1015  -0.1785
0.957375
-0.1015  -0.1799
0.957361
-0.1015  -0.1813
0.957348
-0.1015  -0.1827
0.957334
-0.1015  -0.1841
0.95732
-0.1015  -0.1855
0.957306
-0.1015  -0.1869
0.957293
-0.1015  -0.1883
0.957279
-0.1015  -0.1897
0.957265
-0.1015  -0.1911
0.957252
-0.1015  -0.1925
0.957238
-0.1015  -0.1939
0.957224
-0.1015  -0.1953
0.957211
-0.1015  -0.1967
0.957197
-0.1015  -0.1981
0.957183
FIX IT FELIX --size-- 0
B value --> -0.1995
HEllo
Scan Line 324 to 392 --------------------------
Scan Line -0.104300 to -0.199500 --------------------------
-0.1239  -0.1043
0.9551
-0.1239  -0.1057
0.955111
-0.1239  -0.1071
0.955122
-0.1239  -0.1085
0.955133
-0.1225  -0.1099
0.955229
-0.1225  -0.1113
0.95524
-0.1225  -0.1127
0.95525
-0.1225  -0.1141
0.955261
-0.1211  -0.1155
0.955357
-0.1211  -0.1169
0.955368
-0.1211  -0.1183
0.955379
-0.1211  -0.1197
0.95539
-0.1197  -0.1211
0.955486
-0.1197  -0.1225
0.955497
-0.1197  -0.1239
0.955507
-0.1197  -0.1253
0.955518
-0.1197  -0.1267
0.955529
-0.1183  -0.1281
0.955625
-0.1183  -0.1295
0.955636
-0.1183  -0.1309
0.955647
-0.1183  -0.1323
0.955658
-0.1169  -0.1337
0.955754
-0.1169  -0.1351
0.955764
-0.1169  -0.1365
0.955775
-0.1169  -0.1379
0.955786
-0.1155  -0.1393
0.955882
-0.1155  -0.1407
0.955893
-0.1155  -0.1421
0.955904
-0.1155  -0.1435
0.955915
-0.1141  -0.1449
0.956011
-0.1141  -0.1463
0.956021
-0.1141  -0.1477
0.956032
-0.1141  -0.1491
0.956043
-0.1141  -0.1505
0.956054
-0.1127  -0.1519
0.95615
-0.1127  -0.1533
0.956161
-0.1127  -0.1547
0.956172
-0.1127  -0.1561
0.956182
-0.1113  -0.1575
0.956278
-0.1113  -0.1589
0.956289
-0.1113  -0.1603
0.9563
-0.1113  -0.1617
0.956311
-0.1099  -0.1631
0.956407
-0.1099  -0.1645
0.956418
-0.1099  -0.1659
0.956429
-0.1099  -0.1673
0.956439
-0.1085  -0.1687
0.956535
-0.1085  -0.1701
0.956546
-0.1085  -0.1715
0.956557
-0.1085  -0.1729
0.956568
-0.1085  -0.1743
0.956579
-0.1071  -0.1757
0.956675
-0.1071  -0.1771
0.956686
-0.1071  -0.1785
0.956696
-0.1071  -0.1799
0.956707
-0.1057  -0.1813
0.956803
-0.1057  -0.1827
0.956814
-0.1057  -0.1841
0.956825
-0.1057  -0.1855
0.956836
-0.1043  -0.1869
0.956932
-0.1043  -0.1883
0.956943
-0.1043  -0.1897
0.956953
-0.1043  -0.1911
0.956964
-0.1029  -0.1925
0.95706
-0.1029  -0.1939
0.957071
-0.1029  -0.1953
0.957082
-0.1029  -0.1967
0.957093
-0.1015  -0.1981
0.957189
FIX IT FELIX --size-- 0
B value --> -0.1995
HEllo
Scan Line 172 to 392 --------------------------
Scan Line 0.108500 to -0.199500 --------------------------
FIX IT FELIX --size-- 0
B value --> 0.1085
-0.1435  0.1071
0.954691
-0.1435  0.1057
0.95469
-0.1421  0.1043
0.954777
-0.1421  0.1029
0.954776
-0.1421  0.1015
0.954776
-0.1421  0.1001
0.954775
-0.1421  0.0987
0.954775
-0.1421  0.0973
0.954774
-0.1421  0.0959
0.954774
-0.1407  0.0945
0.95486
-0.1407  0.0931
0.95486
-0.1407  0.0917
0.954859
-0.1407  0.0903
0.954859
-0.1407  0.0889
0.954858
-0.1407  0.0875
0.954858
-0.1407  0.0861
0.954857
-0.1407  0.0847
0.954857
-0.1393  0.0833
0.954944
-0.1393  0.0819
0.954943
-0.1393  0.0805
0.954943
-0.1393  0.0791
0.954942
-0.1393  0.0777
0.954942
-0.1393  0.0763
0.954941
-0.1393  0.0749
0.954941
-0.1379  0.0735
0.955027
-0.1379  0.0721
0.955027
-0.1379  0.0707
0.955026
-0.1379  0.0693
0.955026
-0.1379  0.0679
0.955025
-0.1379  0.0665
0.955025
-0.1379  0.0651
0.955024
-0.1379  0.0637
0.955024
-0.1365  0.0623
0.95511
-0.1365  0.0609
0.95511
-0.1365  0.0595
0.955109
-0.1365  0.0581
0.955109
-0.1365  0.0567
0.955108
-0.1365  0.0553
0.955108
-0.1365  0.0539
0.955107
-0.1351  0.0525
0.955194
-0.1351  0.0511
0.955194
-0.1351  0.0497
0.955193
-0.1351  0.0483
0.955193
-0.1351  0.0469
0.955192
-0.1351  0.0455
0.955192
-0.1351  0.0441
0.955191
-0.1351  0.0427
0.955191
-0.1337  0.0413
0.955277
-0.1337  0.0399
0.955277
-0.1337  0.0385
0.955276
-0.1337  0.0371
0.955276
-0.1337  0.0357
0.955275
-0.1337  0.0343
0.955275
-0.1337  0.0329
0.955274
-0.1323  0.0315
0.955361
-0.1323  0.0301
0.95536
-0.1323  0.0287
0.95536
-0.1323  0.0273
0.955359
-0.1323  0.0259
0.955359
-0.1323  0.0245
0.955358
-0.1323  0.0231
0.955358
-0.1323  0.0217
0.955357
-0.1309  0.0203
0.955444
-0.1309  0.0189
0.955444
-0.1309  0.0175
0.955443
-0.1309  0.0161
0.955443
-0.1309  0.0147
0.955442
-0.1309  0.0133
0.955442
-0.1309  0.0119
0.955441
-0.1295  0.0105
0.955528
-0.1295  0.0091
0.955527
-0.1295  0.0077
0.955527
-0.1295  0.0063
0.955526
-0.1295  0.0049
0.955526
-0.1295  0.0035
0.955525
-0.1295  0.0021
0.955525
-0.1281  0.0007
0.955611
-0.1281  -0.0007
0.955611
-0.1281  -0.0021
0.95561
-0.1281  -0.0035
0.95561
-0.1281  -0.0049
0.955609
-0.1281  -0.0063
0.955609
-0.1281  -0.0077
0.955608
-0.1281  -0.0091
0.955608
-0.1267  -0.0105
0.955695
-0.1267  -0.0119
0.955694
-0.1267  -0.0133
0.955694
-0.1267  -0.0147
0.955693
-0.1267  -0.0161
0.955693
-0.1267  -0.0175
0.955692
-0.1267  -0.0189
0.955692
-0.1253  -0.0203
0.955778
-0.1253  -0.0217
0.955778
-0.1253  -0.0231
0.955777
-0.1253  -0.0245
0.955777
-0.1253  -0.0259
0.955776
-0.1253  -0.0273
0.955776
-0.1253  -0.0287
0.955775
-0.1253  -0.0301
0.955775
-0.1239  -0.0315
0.955861
-0.1239  -0.0329
0.955861
-0.1239  -0.0343
0.95586
-0.1239  -0.0357
0.95586
-0.1239  -0.0371
0.955859
-0.1239  -0.0385
0.955859
-0.1239  -0.0399
0.955858
-0.1225  -0.0413
0.955945
-0.1225  -0.0427
0.955945
-0.1225  -0.0441
0.955944
-0.1225  -0.0455
0.955944
-0.1225  -0.0469
0.955943
-0.1225  -0.0483
0.955943
-0.1225  -0.0497
0.955942
-0.1225  -0.0511
0.955942
-0.1211  -0.0525
0.956028
-0.1211  -0.0539
0.956028
-0.1211  -0.0553
0.956027
-0.1211  -0.0567
0.956027
-0.1211  -0.0581
0.956026
-0.1211  -0.0595
0.956026
-0.1211  -0.0609
0.956025
-0.1197  -0.0623
0.956112
-0.1197  -0.0637
0.956111
-0.1197  -0.0651
0.956111
-0.1197  -0.0665
0.95611
-0.1197  -0.0679
0.95611
-0.1197  -0.0693
0.95611
-0.1197  -0.0707
0.956109
-0.1197  -0.0721
0.956109
-0.1183  -0.0735
0.956195
-0.1183  -0.0749
0.956195
-0.1183  -0.0763
0.956194
-0.1183  -0.0777
0.956194
-0.1183  -0.0791
0.956193
-0.1183  -0.0805
0.956193
-0.1183  -0.0819
0.956192
-0.1169  -0.0833
0.956279
-0.1169  -0.0847
0.956278
-0.1169  -0.0861
0.956278
-0.1169  -0.0875
0.956277
-0.1169  -0.0889
0.956277
-0.1169  -0.0903
0.956276
-0.1169  -0.0917
0.956276
-0.1155  -0.0931
0.956362
-0.1155  -0.0945
0.956362
-0.1155  -0.0959
0.956361
-0.1155  -0.0973
0.956361
-0.1155  -0.0987
0.956361
-0.1155  -0.1001
0.95636
-0.1155  -0.1015
0.95636
-0.1155  -0.1029
0.956359
-0.1141  -0.1043
0.956446
-0.1141  -0.1057
0.956445
-0.1141  -0.1071
0.956445
-0.1141  -0.1085
0.956444
-0.1141  -0.1099
0.956444
-0.1141  -0.1113
0.956443
-0.1141  -0.1127
0.956443
-0.1127  -0.1141
0.956529
-0.1127  -0.1155
0.956529
-0.1127  -0.1169
0.956528
-0.1127  -0.1183
0.956528
-0.1127  -0.1197
0.956527
-0.1127  -0.1211
0.956527
-0.1127  -0.1225
0.956526
-0.1127  -0.1239
0.956526
-0.1113  -0.1253
0.956613
-0.1113  -0.1267
0.956612
-0.1113  -0.1281
0.956612
-0.1113  -0.1295
0.956611
-0.1113  -0.1309
0.956611
-0.1113  -0.1323
0.95661
-0.1113  -0.1337
0.95661
-0.1099  -0.1351
0.956696
-0.1099  -0.1365
0.956696
-0.1099  -0.1379
0.956695
-0.1099  -0.1393
0.956695
-0.1099  -0.1407
0.956694
-0.1099  -0.1421
0.956694
-0.1099  -0.1435
0.956693
-0.1099  -0.1449
0.956693
-0.1085  -0.1463
0.956779
-0.1085  -0.1477
0.956779
-0.1085  -0.1491
0.956778
-0.1085  -0.1505
0.956778
-0.1085  -0.1519
0.956777
-0.1085  -0.1533
0.956777
-0.1085  -0.1547
0.956776
-0.1071  -0.1561
0.956863
-0.1071  -0.1575
0.956863
-0.1071  -0.1589
0.956862
-0.1071  -0.1603
0.956862
-0.1071  -0.1617
0.956861
-0.1071  -0.1631
0.956861
-0.1071  -0.1645
0.95686
-0.1071  -0.1659
0.95686
-0.1057  -0.1673
0.956946
-0.1057  -0.1687
0.956946
-0.1057  -0.1701
0.956945
-0.1057  -0.1715
0.956945
-0.1057  -0.1729
0.956944
-0.1057  -0.1743
0.956944
-0.1057  -0.1757
0.956943
-0.1043  -0.1771
0.95703
-0.1043  -0.1785
0.957029
-0.1043  -0.1799
0.957029
-0.1043  -0.1813
0.957028
-0.1043  -0.1827
0.957028
-0.1043  -0.1841
0.957027
-0.1043  -0.1855
0.957027
-0.1029  -0.1869
0.957114
-0.1029  -0.1883
0.957113
-0.1029  -0.1897
0.957113
-0.1029  -0.1911
0.957112
-0.1029  -0.1925
0.957112
-0.1029  -0.1939
0.957111
-0.1029  -0.1953
0.957111
-0.1029  -0.1967
0.95711
-0.1015  -0.1981
0.957197
FIX IT FELIX --size-- 0
B value --> -0.1995
HEllo
Scan Line 345 to 454 --------------------------
Scan Line -0.133700 to -0.286300 --------------------------
-0.0413  -0.1337
0.953684
-0.0427  -0.1351
0.953765
-0.0441  -0.1365
0.953846
-0.0455  -0.1379
0.953927
-0.0469  -0.1393
0.954009
-0.0483  -0.1407
0.95409
-0.0497  -0.1421
0.954171
-0.0511  -0.1435
0.954252
-0.0525  -0.1449
0.954333
-0.0525  -0.1463
0.954324
-0.0539  -0.1477
0.954405
-0.0553  -0.1491
0.954486
-0.0567  -0.1505
0.954567
-0.0581  -0.1519
0.954648
-0.0595  -0.1533
0.954729
-0.0609  -0.1547
0.95481
-0.0623  -0.1561
0.954892
-0.0637  -0.1575
0.954973
-0.0651  -0.1589
0.955054
-0.0665  -0.1603
0.955135
-0.0679  -0.1617
0.955216
-0.0693  -0.1631
0.955297
-0.0693  -0.1645
0.955288
-0.0707  -0.1659
0.955369
-0.0721  -0.1673
0.95545
-0.0735  -0.1687
0.955531
-0.0749  -0.1701
0.955612
-0.0763  -0.1715
0.955693
-0.0777  -0.1729
0.955774
-0.0791  -0.1743
0.955856
-0.0805  -0.1757
0.955937
-0.0819  -0.1771
0.956018
-0.0833  -0.1785
0.956099
-0.0847  -0.1799
0.95618
-0.0861  -0.1813
0.956261
-0.0875  -0.1827
0.956342
-0.0875  -0.1841
0.956333
-0.0889  -0.1855
0.956414
-0.0903  -0.1869
0.956495
-0.0917  -0.1883
0.956576
-0.0931  -0.1897
0.956657
-0.0945  -0.1911
0.956738
-0.0959  -0.1925
0.95682
-0.0973  -0.1939
0.956901
-0.0987  -0.1953
0.956982
-0.1001  -0.1967
0.957063
-0.1015  -0.1981
0.957144
-0.1015  -0.1995
0.957135
-0.1015  -0.2009
0.957125
-0.1001  -0.2023
0.957025
-0.0987  -0.2037
0.956925
-0.0987  -0.2051
0.956916
-0.0973  -0.2065
0.956816
-0.0959  -0.2079
0.956716
-0.0959  -0.2093
0.956707
-0.0945  -0.2107
0.956607
-0.0945  -0.2121
0.956597
-0.0931  -0.2135
0.956497
-0.0917  -0.2149
0.956397
-0.0917  -0.2163
0.956388
-0.0903  -0.2177
0.956288
-0.0903  -0.2191
0.956279
-0.0889  -0.2205
0.956179
-0.0875  -0.2219
0.956079
-0.0875  -0.2233
0.956069
-0.0861  -0.2247
0.955969
-0.0861  -0.2261
0.95596
-0.0847  -0.2275
0.95586
-0.0833  -0.2289
0.95576
-0.0833  -0.2303
0.955751
-0.0819  -0.2317
0.955651
-0.0819  -0.2331
0.955641
-0.0805  -0.2345
0.955541
-0.0791  -0.2359
0.955441
-0.0791  -0.2373
0.955432
-0.0777  -0.2387
0.955332
-0.0777  -0.2401
0.955323
-0.0763  -0.2415
0.955223
-0.0749  -0.2429
0.955123
-0.0749  -0.2443
0.955113
-0.0735  -0.2457
0.955013
-0.0735  -0.2471
0.955004
-0.0721  -0.2485
0.954904
-0.0707  -0.2499
0.954804
-0.0707  -0.2513
0.954795
-0.0693  -0.2527
0.954695
-0.0693  -0.2541
0.954685
-0.0679  -0.2555
0.954585
-0.0665  -0.2569
0.954485
-0.0665  -0.2583
0.954476
-0.0651  -0.2597
0.954376
-0.0637  -0.2611
0.954276
-0.0637  -0.2625
0.954267
-0.0623  -0.2639
0.954167
-0.0623  -0.2653
0.954157
-0.0609  -0.2667
0.954057
-0.0595  -0.2681
0.953957
-0.0595  -0.2695
0.953948
-0.0581  -0.2709
0.953848
-0.0581  -0.2723
0.953839
-0.0567  -0.2737
0.953739
-0.0553  -0.2751
0.953639
-0.0553  -0.2765
0.953629
-0.0539  -0.2779
0.953529
-0.0539  -0.2793
0.95352
-0.0525  -0.2807
0.95342
-0.0511  -0.2821
0.95332
-0.0511  -0.2835
0.953311
-0.0497  -0.2849
0.953211
FIX IT FELIX --size-- 0
B value --> -0.2863
