Top_Y 0.999000 Left_X -0.999000
dx 0.002000 dy 0.002000
HEllo
Scan Line 548 to 599 --------------------------
Scan Line -0.097000 to -0.199000 --------------------------
-0.099  -0.097
0.958809
-0.101  -0.099
0.958761
-0.101  -0.101
0.958729
-0.101  -0.103
0.958698
-0.101  -0.105
0.958666
-0.101  -0.107
0.958634
-0.101  -0.109
0.958603
-0.101  -0.111
0.958571
-0.101  -0.113
0.958539
-0.101  -0.115
0.958507
-0.101  -0.117
0.958476
-0.101  -0.119
0.958444
-0.101  -0.121
0.958412
-0.101  -0.123
0.958381
-0.101  -0.125
0.958349
-0.101  -0.127
0.958317
-0.101  -0.129
0.958285
-0.101  -0.131
0.958254
-0.101  -0.133
0.958222
-0.101  -0.135
0.95819
-0.101  -0.137
0.958159
-0.101  -0.139
0.958127
-0.101  -0.141
0.958095
-0.101  -0.143
0.958063
-0.101  -0.145
0.958032
-0.101  -0.147
0.958
-0.101  -0.149
0.957968
-0.101  -0.151
0.957937
-0.101  -0.153
0.957905
-0.101  -0.155
0.957873
-0.101  -0.157
0.957842
-0.101  -0.159
0.95781
-0.101  -0.161
0.957778
-0.101  -0.163
0.957746
-0.101  -0.165
0.957715
-0.101  -0.167
0.957683
-0.101  -0.169
0.957651
-0.101  -0.171
0.95762
-0.101  -0.173
0.957588
-0.101  -0.175
0.957556
-0.101  -0.177
0.957524
-0.101  -0.179
0.957493
-0.101  -0.181
0.957461
-0.101  -0.183
0.957429
-0.101  -0.185
0.957398
-0.101  -0.187
0.957366
-0.101  -0.189
0.957334
-0.101  -0.191
0.957302
-0.101  -0.193
0.957271
-0.101  -0.195
0.957239
-0.101  -0.197
0.957207
-0.101  -0.199
0.957176
HEllo
Scan Line 499 to 599 --------------------------
Scan Line 0.001000 to -0.199000 --------------------------
-0.099  0.001
0.960363
-0.099  -0.001
0.960331
-0.099  -0.003
0.960299
-0.099  -0.005
0.960268
-0.099  -0.007
0.960236
-0.099  -0.009
0.960204
-0.099  -0.011
0.960172
-0.099  -0.013
0.960141
-0.099  -0.015
0.960109
-0.099  -0.017
0.960077
-0.099  -0.019
0.960046
-0.099  -0.021
0.960014
-0.099  -0.023
0.959982
-0.099  -0.025
0.959951
-0.099  -0.027
0.959919
-0.099  -0.029
0.959887
-0.099  -0.031
0.959855
-0.099  -0.033
0.959824
-0.099  -0.035
0.959792
-0.099  -0.037
0.95976
-0.099  -0.039
0.959729
-0.099  -0.041
0.959697
-0.099  -0.043
0.959665
-0.099  -0.045
0.959633
-0.099  -0.047
0.959602
-0.099  -0.049
0.95957
-0.099  -0.051
0.959538
-0.099  -0.053
0.959507
-0.099  -0.055
0.959475
-0.099  -0.057
0.959443
-0.099  -0.059
0.959411
-0.099  -0.061
0.95938
-0.099  -0.063
0.959348
-0.099  -0.065
0.959316
-0.099  -0.067
0.959285
-0.099  -0.069
0.959253
-0.099  -0.071
0.959221
-0.099  -0.073
0.95919
-0.099  -0.075
0.959158
-0.099  -0.077
0.959126
-0.099  -0.079
0.959094
-0.099  -0.081
0.959063
-0.099  -0.083
0.959031
-0.099  -0.085
0.958999
-0.099  -0.087
0.958968
-0.099  -0.089
0.958936
-0.099  -0.091
0.958904
-0.099  -0.093
0.958872
-0.099  -0.095
0.958841
-0.099  -0.097
0.958809
-0.101  -0.099
0.958761
-0.101  -0.101
0.958729
-0.101  -0.103
0.958698
-0.101  -0.105
0.958666
-0.101  -0.107
0.958634
-0.101  -0.109
0.958603
-0.101  -0.111
0.958571
-0.101  -0.113
0.958539
-0.101  -0.115
0.958507
-0.101  -0.117
0.958476
-0.101  -0.119
0.958444
-0.101  -0.121
0.958412
-0.101  -0.123
0.958381
-0.101  -0.125
0.958349
-0.101  -0.127
0.958317
-0.101  -0.129
0.958285
-0.101  -0.131
0.958254
-0.101  -0.133
0.958222
-0.101  -0.135
0.95819
-0.101  -0.137
0.958159
-0.101  -0.139
0.958127
-0.101  -0.141
0.958095
-0.101  -0.143
0.958063
-0.101  -0.145
0.958032
-0.101  -0.147
0.958
-0.101  -0.149
0.957968
-0.101  -0.151
0.957937
-0.101  -0.153
0.957905
-0.101  -0.155
0.957873
-0.101  -0.157
0.957842
-0.101  -0.159
0.95781
-0.101  -0.161
0.957778
-0.101  -0.163
0.957746
-0.101  -0.165
0.957715
-0.101  -0.167
0.957683
-0.101  -0.169
0.957651
-0.101  -0.171
0.95762
-0.101  -0.173
0.957588
-0.101  -0.175
0.957556
-0.101  -0.177
0.957524
-0.101  -0.179
0.957493
-0.101  -0.181
0.957461
-0.101  -0.183
0.957429
-0.101  -0.185
0.957398
-0.101  -0.187
0.957366
-0.101  -0.189
0.957334
-0.101  -0.191
0.957302
-0.101  -0.193
0.957271
-0.101  -0.195
0.957239
-0.101  -0.197
0.957207
-0.101  -0.199
0.957176
HEllo
Scan Line 502 to 599 --------------------------
Scan Line -0.005000 to -0.199000 --------------------------
FIX IT FELIX --size-- 0
B value --> -0.005
0.283  -0.007
0.963339
0.283  -0.009
0.963307
0.283  -0.011
0.963275
0.283  -0.013
0.963244
0.283  -0.015
0.963212
0.283  -0.017
0.96318
0.283  -0.019
0.963148
0.285  -0.021
0.963133
0.285  -0.023
0.963101
0.285  -0.025
0.96307
0.285  -0.027
0.963038
0.285  -0.029
0.963006
0.285  -0.031
0.962974
0.285  -0.033
0.962943
0.285  -0.035
0.962911
0.285  -0.037
0.962879
0.285  -0.039
0.962848
0.285  -0.041
0.962816
0.285  -0.043
0.962784
0.285  -0.045
0.962753
0.285  -0.047
0.962721
0.285  -0.049
0.962689
0.285  -0.051
0.962657
0.285  -0.053
0.962626
0.287  -0.055
0.96261
0.287  -0.057
0.962579
0.287  -0.059
0.962547
0.287  -0.061
0.962515
0.287  -0.063
0.962483
0.287  -0.065
0.962452
0.287  -0.067
0.96242
0.287  -0.069
0.962388
0.287  -0.071
0.962357
0.287  -0.073
0.962325
0.287  -0.075
0.962293
0.287  -0.077
0.962261
0.287  -0.079
0.96223
0.287  -0.081
0.962198
0.287  -0.083
0.962166
0.287  -0.085
0.962135
0.287  -0.087
0.962103
0.287  -0.089
0.962071
0.289  -0.091
0.962056
0.289  -0.093
0.962024
0.289  -0.095
0.961992
0.289  -0.097
0.961961
0.289  -0.099
0.961929
0.289  -0.101
0.961897
0.289  -0.103
0.961866
0.289  -0.105
0.961834
0.289  -0.107
0.961802
0.289  -0.109
0.96177
0.289  -0.111
0.961739
0.289  -0.113
0.961707
0.289  -0.115
0.961675
0.289  -0.117
0.961644
0.289  -0.119
0.961612
0.289  -0.121
0.96158
0.289  -0.123
0.961548
0.289  -0.125
0.961517
0.291  -0.127
0.961501
0.291  -0.129
0.96147
0.291  -0.131
0.961438
0.291  -0.133
0.961406
0.291  -0.135
0.961374
0.291  -0.137
0.961343
0.291  -0.139
0.961311
0.291  -0.141
0.961279
0.291  -0.143
0.961248
0.291  -0.145
0.961216
0.291  -0.147
0.961184
0.291  -0.149
0.961152
0.291  -0.151
0.961121
0.291  -0.153
0.961089
0.291  -0.155
0.961057
0.291  -0.157
0.961026
0.291  -0.159
0.960994
0.291  -0.161
0.960962
0.293  -0.163
0.960947
0.293  -0.165
0.960915
0.293  -0.167
0.960883
0.293  -0.169
0.960852
0.293  -0.171
0.96082
0.293  -0.173
0.960788
0.293  -0.175
0.960757
0.293  -0.177
0.960725
0.293  -0.179
0.960693
0.293  -0.181
0.960661
0.293  -0.183
0.96063
0.293  -0.185
0.960598
0.293  -0.187
0.960566
0.293  -0.189
0.960535
0.293  -0.191
0.960503
0.293  -0.193
0.960471
0.293  -0.195
0.960439
0.295  -0.197
0.960424
0.295  -0.199
0.960392
HEllo
Scan Line 502 to 599 --------------------------
Scan Line -0.005000 to -0.199000 --------------------------
FIX IT FELIX --size-- 0
B value --> -0.005
0.281  -0.007
0.963322
0.279  -0.009
0.963275
0.279  -0.011
0.963243
0.277  -0.013
0.963195
0.275  -0.015
0.963147
0.273  -0.017
0.963099
0.271  -0.019
0.963051
0.269  -0.021
0.963003
0.267  -0.023
0.962955
0.265  -0.025
0.962907
0.263  -0.027
0.962859
0.261  -0.029
0.962811
0.259  -0.031
0.962763
0.257  -0.033
0.962715
0.255  -0.035
0.962667
0.253  -0.037
0.962619
0.251  -0.039
0.962571
0.249  -0.041
0.962524
0.247  -0.043
0.962476
0.245  -0.045
0.962428
0.243  -0.047
0.96238
0.243  -0.049
0.962348
0.241  -0.051
0.9623
0.239  -0.053
0.962252
0.237  -0.055
0.962204
0.235  -0.057
0.962156
0.233  -0.059
0.962108
0.231  -0.061
0.96206
0.229  -0.063
0.962012
0.227  -0.065
0.961964
0.225  -0.067
0.961916
0.223  -0.069
0.961868
0.221  -0.071
0.96182
0.219  -0.073
0.961773
0.217  -0.075
0.961725
0.215  -0.077
0.961677
0.213  -0.079
0.961629
0.211  -0.081
0.961581
0.209  -0.083
0.961533
0.207  -0.085
0.961485
0.207  -0.087
0.961453
0.205  -0.089
0.961405
0.203  -0.091
0.961357
0.201  -0.093
0.961309
0.199  -0.095
0.961261
0.197  -0.097
0.961213
0.195  -0.099
0.961165
0.193  -0.101
0.961117
0.191  -0.103
0.961069
0.189  -0.105
0.961022
0.187  -0.107
0.960974
0.185  -0.109
0.960926
0.183  -0.111
0.960878
0.181  -0.113
0.96083
0.179  -0.115
0.960782
0.177  -0.117
0.960734
0.175  -0.119
0.960686
0.173  -0.121
0.960638
0.171  -0.123
0.96059
0.171  -0.125
0.960558
0.169  -0.127
0.96051
0.167  -0.129
0.960462
0.165  -0.131
0.960414
0.163  -0.133
0.960366
0.161  -0.135
0.960318
0.159  -0.137
0.960271
0.157  -0.139
0.960223
0.155  -0.141
0.960175
0.153  -0.143
0.960127
0.151  -0.145
0.960079
0.149  -0.147
0.960031
0.147  -0.149
0.959983
0.145  -0.151
0.959935
0.143  -0.153
0.959887
0.141  -0.155
0.959839
0.139  -0.157
0.959791
0.137  -0.159
0.959743
0.135  -0.161
0.959695
0.135  -0.163
0.959663
0.133  -0.165
0.959615
0.131  -0.167
0.959567
0.129  -0.169
0.95952
0.127  -0.171
0.959472
0.125  -0.173
0.959424
0.123  -0.175
0.959376
0.121  -0.177
0.959328
0.119  -0.179
0.95928
0.117  -0.181
0.959232
0.115  -0.183
0.959184
0.113  -0.185
0.959136
0.111  -0.187
0.959088
0.109  -0.189
0.95904
0.107  -0.191
0.958992
0.105  -0.193
0.958944
0.103  -0.195
0.958896
0.101  -0.197
0.958848
0.099  -0.199
0.9588
HEllo
Scan Line 412 to 599 --------------------------
Scan Line 0.175000 to -0.199000 --------------------------
FIX IT FELIX --size-- 0
B value --> 0.175
0.271  0.173
0.966095
0.269  0.171
0.966047
0.267  0.169
0.965999
0.265  0.167
0.965951
0.263  0.165
0.965903
0.261  0.163
0.965855
0.259  0.161
0.965807
0.257  0.159
0.965759
0.255  0.157
0.965711
0.253  0.155
0.965663
0.251  0.153
0.965615
0.249  0.151
0.965568
0.247  0.149
0.96552
0.245  0.147
0.965472
0.243  0.145
0.965424
0.241  0.143
0.965376
0.239  0.141
0.965328
0.237  0.139
0.96528
0.235  0.137
0.965232
0.233  0.135
0.965184
0.231  0.133
0.965136
0.229  0.131
0.965088
0.227  0.129
0.96504
0.225  0.127
0.964992
0.223  0.125
0.964944
0.221  0.123
0.964896
0.219  0.121
0.964848
0.217  0.119
0.9648
0.215  0.117
0.964752
0.213  0.115
0.964704
0.211  0.113
0.964656
0.209  0.111
0.964608
0.207  0.109
0.964561
0.205  0.107
0.964513
0.203  0.105
0.964465
0.201  0.103
0.964417
0.199  0.101
0.964369
0.197  0.099
0.964321
0.195  0.097
0.964273
0.193  0.095
0.964225
0.191  0.093
0.964177
0.189  0.091
0.964129
0.187  0.089
0.964081
0.185  0.087
0.964033
0.183  0.085
0.963985
0.181  0.083
0.963937
0.179  0.081
0.963889
0.177  0.079
0.963841
0.175  0.077
0.963793
0.173  0.075
0.963745
0.171  0.073
0.963697
0.169  0.071
0.963649
0.167  0.069
0.963601
0.165  0.067
0.963553
0.163  0.065
0.963506
0.161  0.063
0.963458
0.159  0.061
0.96341
0.157  0.059
0.963362
0.155  0.057
0.963314
0.153  0.055
0.963266
0.151  0.053
0.963218
0.149  0.051
0.96317
0.147  0.049
0.963122
0.145  0.047
0.963074
0.143  0.045
0.963026
0.141  0.043
0.962978
0.139  0.041
0.96293
0.137  0.039
0.962882
0.135  0.037
0.962834
0.133  0.035
0.962786
0.131  0.033
0.962738
0.129  0.031
0.96269
0.127  0.029
0.962642
0.125  0.027
0.962594
0.123  0.025
0.962546
0.121  0.023
0.962498
0.119  0.021
0.962451
0.117  0.019
0.962403
0.115  0.017
0.962355
0.113  0.015
0.962307
0.111  0.013
0.962259
0.109  0.011
0.962211
0.107  0.009
0.962163
0.105  0.007
0.962115
0.103  0.005
0.962067
0.101  0.003
0.962019
0.099  0.001
0.961971
0.097  -0.001
0.961923
0.095  -0.003
0.961875
0.093  -0.005
0.961827
0.091  -0.007
0.961779
0.089  -0.009
0.961731
0.087  -0.011
0.961683
0.085  -0.013
0.961635
0.083  -0.015
0.961587
0.081  -0.017
0.961539
0.079  -0.019
0.961491
0.077  -0.021
0.961444
0.075  -0.023
0.961396
0.073  -0.025
0.961348
0.071  -0.027
0.9613
0.069  -0.029
0.961252
0.067  -0.031
0.961204
0.065  -0.033
0.961156
0.063  -0.035
0.961108
0.061  -0.037
0.96106
0.059  -0.039
0.961012
0.057  -0.041
0.960964
0.055  -0.043
0.960916
0.053  -0.045
0.960868
0.051  -0.047
0.96082
0.049  -0.049
0.960772
0.047  -0.051
0.960724
0.045  -0.053
0.960676
0.043  -0.055
0.960628
0.041  -0.057
0.96058
0.039  -0.059
0.960532
0.037  -0.061
0.960484
0.035  -0.063
0.960436
0.033  -0.065
0.960389
0.031  -0.067
0.960341
0.029  -0.069
0.960293
0.027  -0.071
0.960245
0.025  -0.073
0.960197
0.023  -0.075
0.960149
0.021  -0.077
0.960101
0.019  -0.079
0.960053
0.017  -0.081
0.960005
0.015  -0.083
0.959957
0.013  -0.085
0.959909
0.011  -0.087
0.959861
0.009  -0.089
0.959813
0.007  -0.091
0.959765
0.005  -0.093
0.959717
0.003  -0.095
0.959669
0.001  -0.097
0.959621
-0.001  -0.099
0.959573
-0.003  -0.101
0.959525
-0.005  -0.103
0.959477
-0.007  -0.105
0.959429
-0.009  -0.107
0.959381
-0.011  -0.109
0.959334
-0.013  -0.111
0.959286
-0.015  -0.113
0.959238
-0.017  -0.115
0.95919
-0.019  -0.117
0.959142
-0.021  -0.119
0.959094
-0.023  -0.121
0.959046
-0.025  -0.123
0.958998
-0.027  -0.125
0.95895
-0.029  -0.127
0.958902
-0.031  -0.129
0.958854
-0.033  -0.131
0.958806
-0.035  -0.133
0.958758
-0.037  -0.135
0.95871
-0.039  -0.137
0.958662
-0.041  -0.139
0.958614
-0.043  -0.141
0.958566
-0.045  -0.143
0.958518
-0.047  -0.145
0.95847
-0.049  -0.147
0.958422
-0.051  -0.149
0.958374
-0.053  -0.151
0.958327
-0.055  -0.153
0.958279
-0.057  -0.155
0.958231
-0.059  -0.157
0.958183
-0.061  -0.159
0.958135
-0.063  -0.161
0.958087
-0.065  -0.163
0.958039
-0.067  -0.165
0.957991
-0.069  -0.167
0.957943
-0.071  -0.169
0.957895
-0.073  -0.171
0.957847
-0.075  -0.173
0.957799
-0.077  -0.175
0.957751
-0.079  -0.177
0.957703
-0.081  -0.179
0.957655
-0.083  -0.181
0.957607
-0.085  -0.183
0.957559
-0.087  -0.185
0.957511
-0.089  -0.187
0.957463
-0.091  -0.189
0.957415
-0.093  -0.191
0.957367
-0.095  -0.193
0.957319
-0.097  -0.195
0.957272
-0.099  -0.197
0.957224
-0.101  -0.199
0.957176
