***************************************************************
Bottom_Y -0.748500 Left_X -0.499000
dx 0.002000 dy 0.003000
EDGE TABLE

249--->|yMax: 416| x: -1|dX: 0.5|1|--->|yMax: 499| x: -0.5|dX: 3|0|--->|yMax: 416| x: 0.5|dX: -1|1|--->|yMax: 499| x: 1.5|dX: -1|0|--->END


POLYGON TABLE

0|-0.000000X+-2.000000Y+-3.000000Z+1.500000|(58,113,206)|0
1|0.000000X+0.000000Y+-0.750000Z+0.187500|(162,120,99)|0


***************************************************************



1|0.000000X+0.000000Y+-0.750000Z+0.187500|(162,120,99)|1
-1 -0.0015 0.25 1e+09
returning....1

0|-0.000000X+-2.000000Y+-3.000000Z+1.500000|(58,113,206)|1
-0.5 -0.0015 0.501 1e+09
1|0.000000X+0.000000Y+-0.750000Z+0.187500|(162,120,99)|1
-0.5 -0.0015 0.25 0.501
returning....1

0|-0.000000X+-2.000000Y+-3.000000Z+1.500000|(58,113,206)|1
0.5 -0.0015 0.501 1e+09
returning....0
-0.994
-0.499
0.497
1.497

1|0.000000X+0.000000Y+-0.750000Z+0.187500|(162,120,99)|1
-0.994 0.0015 0.25 1e+09
returning....1

0|-0.000000X+-2.000000Y+-3.000000Z+1.500000|(58,113,206)|0
-0.499 0.0015 0.499 1e+09
1|0.000000X+0.000000Y+-0.750000Z+0.187500|(162,120,99)|1
-0.499 0.0015 0.25 0.499
returning....1

0|-0.000000X+-2.000000Y+-3.000000Z+1.500000|(58,113,206)|0
0.497 0.0015 0.499 1e+09
returning....0
-0.988
-0.498
0.494
1.494

1|0.000000X+0.000000Y+-0.750000Z+0.187500|(162,120,99)|1
-0.988 0.0045 0.25 1e+09
returning....1

0|-0.000000X+-2.000000Y+-3.000000Z+1.500000|(58,113,206)|1
-0.498 0.0045 0.497 1e+09
1|0.000000X+0.000000Y+-0.750000Z+0.187500|(162,120,99)|1
-0.498 0.0045 0.25 0.497
returning....1

0|-0.000000X+-2.000000Y+-3.000000Z+1.500000|(58,113,206)|1
0.494 0.0045 0.497 1e+09
returning....0
-0.982
-0.497
0.491
1.491

1|0.000000X+0.000000Y+-0.750000Z+0.187500|(162,120,99)|1
-0.982 0.0075 0.25 1e+09
returning....1

0|-0.000000X+-2.000000Y+-3.000000Z+1.500000|(58,113,206)|0
-0.497 0.0075 0.495 1e+09
1|0.000000X+0.000000Y+-0.750000Z+0.187500|(162,120,99)|1
-0.497 0.0075 0.25 0.495
returning....1

0|-0.000000X+-2.000000Y+-3.000000Z+1.500000|(58,113,206)|0
0.491 0.0075 0.495 1e+09
returning....0
-0.976
-0.496
0.488
1.488

1|0.000000X+0.000000Y+-0.750000Z+0.187500|(162,120,99)|1
-0.976 0.0105 0.25 1e+09
returning....1

0|-0.000000X+-2.000000Y+-3.000000Z+1.500000|(58,113,206)|1
-0.496 0.0105 0.493 1e+09
1|0.000000X+0.000000Y+-0.750000Z+0.187500|(162,120,99)|1
-0.496 0.0105 0.25 0.493
returning....1

0|-0.000000X+-2.000000Y+-3.000000Z+1.500000|(58,113,206)|1
0.488 0.0105 0.493 1e+09
returning....0
-0.97
-0.495
0.485
1.485

1|0.000000X+0.000000Y+-0.750000Z+0.187500|(162,120,99)|1
-0.97 0.0135 0.25 1e+09
returning....1

0|-0.000000X+-2.000000Y+-3.000000Z+1.500000|(58,113,206)|0
-0.495 0.0135 0.491 1e+09
1|0.000000X+0.000000Y+-0.750000Z+0.187500|(162,120,99)|1
-0.495 0.0135 0.25 0.491
returning....1

0|-0.000000X+-2.000000Y+-3.000000Z+1.500000|(58,113,206)|0
0.485 0.0135 0.491 1e+09
returning....0
-0.964
-0.494
0.482
1.482

1|0.000000X+0.000000Y+-0.750000Z+0.187500|(162,120,99)|1
-0.964 0.0165 0.25 1e+09
returning....1

0|-0.000000X+-2.000000Y+-3.000000Z+1.500000|(58,113,206)|1
-0.494 0.0165 0.489 1e+09
1|0.000000X+0.000000Y+-0.750000Z+0.187500|(162,120,99)|1
-0.494 0.0165 0.25 0.489
returning....1

0|-0.000000X+-2.000000Y+-3.000000Z+1.500000|(58,113,206)|1
0.482 0.0165 0.489 1e+09
returning....0
-0.958
-0.493
0.479
1.479

1|0.000000X+0.000000Y+-0.750000Z+0.187500|(162,120,99)|1
-0.958 0.0195 0.25 1e+09
returning....1

0|-0.000000X+-2.000000Y+-3.000000Z+1.500000|(58,113,206)|0
-0.493 0.0195 0.487 1e+09
1|0.000000X+0.000000Y+-0.750000Z+0.187500|(162,120,99)|1
-0.493 0.0195 0.25 0.487
returning....1

0|-0.000000X+-2.000000Y+-3.000000Z+1.500000|(58,113,206)|0
0.479 0.0195 0.487 1e+09
returning....0
-0.952
-0.492
0.476
1.476

1|0.000000X+0.000000Y+-0.750000Z+0.187500|(162,120,99)|1
-0.952 0.0225 0.25 1e+09
returning....1

0|-0.000000X+-2.000000Y+-3.000000Z+1.500000|(58,113,206)|1
-0.492 0.0225 0.485 1e+09
1|0.000000X+0.000000Y+-0.750000Z+0.187500|(162,120,99)|1
-0.492 0.0225 0.25 0.485
returning....1

0|-0.000000X+-2.000000Y+-3.000000Z+1.500000|(58,113,206)|1
0.476 0.0225 0.485 1e+09
returning....0
-0.946
-0.491
0.473
1.473

1|0.000000X+0.000000Y+-0.750000Z+0.187500|(162,120,99)|1
-0.946 0.0255 0.25 1e+09
returning....1

0|-0.000000X+-2.000000Y+-3.000000Z+1.500000|(58,113,206)|0
-0.491 0.0255 0.483 1e+09
1|0.000000X+0.000000Y+-0.750000Z+0.187500|(162,120,99)|1
-0.491 0.0255 0.25 0.483
returning....1

0|-0.000000X+-2.000000Y+-3.000000Z+1.500000|(58,113,206)|0
0.473 0.0255 0.483 1e+09
returning....0
-0.94
-0.49
0.47
1.47

1|0.000000X+0.000000Y+-0.750000Z+0.187500|(162,120,99)|1
-0.94 0.0285 0.25 1e+09
returning....1

0|-0.000000X+-2.000000Y+-3.000000Z+1.500000|(58,113,206)|1
-0.49 0.0285 0.481 1e+09
1|0.000000X+0.000000Y+-0.750000Z+0.187500|(162,120,99)|1
-0.49 0.0285 0.25 0.481
returning....1

0|-0.000000X+-2.000000Y+-3.000000Z+1.500000|(58,113,206)|1
0.47 0.0285 0.481 1e+09
returning....0
-0.934
-0.489
0.467
1.467

1|0.000000X+0.000000Y+-0.750000Z+0.187500|(162,120,99)|1
-0.934 0.0315 0.25 1e+09
returning....1

0|-0.000000X+-2.000000Y+-3.000000Z+1.500000|(58,113,206)|0
-0.489 0.0315 0.479 1e+09
1|0.000000X+0.000000Y+-0.750000Z+0.187500|(162,120,99)|1
-0.489 0.0315 0.25 0.479
returning....1

0|-0.000000X+-2.000000Y+-3.000000Z+1.500000|(58,113,206)|0
0.467 0.0315 0.479 1e+09
returning....0
-0.928
-0.488
0.464
1.464

1|0.000000X+0.000000Y+-0.750000Z+0.187500|(162,120,99)|1
-0.928 0.0345 0.25 1e+09
returning....1

0|-0.000000X+-2.000000Y+-3.000000Z+1.500000|(58,113,206)|1
-0.488 0.0345 0.477 1e+09
1|0.000000X+0.000000Y+-0.750000Z+0.187500|(162,120,99)|1
-0.488 0.0345 0.25 0.477
returning....1

0|-0.000000X+-2.000000Y+-3.000000Z+1.500000|(58,113,206)|1
0.464 0.0345 0.477 1e+09
returning....0
-0.922
-0.487
0.461
1.461

1|0.000000X+0.000000Y+-0.750000Z+0.187500|(162,120,99)|1
-0.922 0.0375 0.25 1e+09
returning....1

0|-0.000000X+-2.000000Y+-3.000000Z+1.500000|(58,113,206)|0
-0.487 0.0375 0.475 1e+09
1|0.000000X+0.000000Y+-0.750000Z+0.187500|(162,120,99)|1
-0.487 0.0375 0.25 0.475
returning....1

0|-0.000000X+-2.000000Y+-3.000000Z+1.500000|(58,113,206)|0
0.461 0.0375 0.475 1e+09
returning....0
-0.916
-0.486
0.458
1.458

1|0.000000X+0.000000Y+-0.750000Z+0.187500|(162,120,99)|1
-0.916 0.0405 0.25 1e+09
returning....1

0|-0.000000X+-2.000000Y+-3.000000Z+1.500000|(58,113,206)|1
-0.486 0.0405 0.473 1e+09
1|0.000000X+0.000000Y+-0.750000Z+0.187500|(162,120,99)|1
-0.486 0.0405 0.25 0.473
returning....1

0|-0.000000X+-2.000000Y+-3.000000Z+1.500000|(58,113,206)|1
0.458 0.0405 0.473 1e+09
returning....0
-0.91
-0.485
0.455
1.455

1|0.000000X+0.000000Y+-0.750000Z+0.187500|(162,120,99)|1
-0.91 0.0435 0.25 1e+09
returning....1

0|-0.000000X+-2.000000Y+-3.000000Z+1.500000|(58,113,206)|0
-0.485 0.0435 0.471 1e+09
1|0.000000X+0.000000Y+-0.750000Z+0.187500|(162,120,99)|1
-0.485 0.0435 0.25 0.471
returning....1

0|-0.000000X+-2.000000Y+-3.000000Z+1.500000|(58,113,206)|0
0.455 0.0435 0.471 1e+09
returning....0
-0.904
-0.484
0.452
1.452

1|0.000000X+0.000000Y+-0.750000Z+0.187500|(162,120,99)|1
-0.904 0.0465 0.25 1e+09
returning....1

0|-0.000000X+-2.000000Y+-3.000000Z+1.500000|(58,113,206)|1
-0.484 0.0465 0.469 1e+09
1|0.000000X+0.000000Y+-0.750000Z+0.187500|(162,120,99)|1
-0.484 0.0465 0.25 0.469
returning....1

0|-0.000000X+-2.000000Y+-3.000000Z+1.500000|(58,113,206)|1
0.452 0.0465 0.469 1e+09
returning....0
-0.898
-0.483
0.449
1.449

1|0.000000X+0.000000Y+-0.750000Z+0.187500|(162,120,99)|1
-0.898 0.0495 0.25 1e+09
returning....1

0|-0.000000X+-2.000000Y+-3.000000Z+1.500000|(58,113,206)|0
-0.483 0.0495 0.467 1e+09
1|0.000000X+0.000000Y+-0.750000Z+0.187500|(162,120,99)|1
-0.483 0.0495 0.25 0.467
returning....1

0|-0.000000X+-2.000000Y+-3.000000Z+1.500000|(58,113,206)|0
0.449 0.0495 0.467 1e+09
returning....0
-0.892
-0.482
0.446
1.446

1|0.000000X+0.000000Y+-0.750000Z+0.187500|(162,120,99)|1
-0.892 0.0525 0.25 1e+09
returning....1

0|-0.000000X+-2.000000Y+-3.000000Z+1.500000|(58,113,206)|1
-0.482 0.0525 0.465 1e+09
1|0.000000X+0.000000Y+-0.750000Z+0.187500|(162,120,99)|1
-0.482 0.0525 0.25 0.465
returning....1

0|-0.000000X+-2.000000Y+-3.000000Z+1.500000|(58,113,206)|1
0.446 0.0525 0.465 1e+09
returning....0
-0.886
-0.481
0.443
1.443

1|0.000000X+0.000000Y+-0.750000Z+0.187500|(162,120,99)|1
-0.886 0.0555 0.25 1e+09
returning....1

0|-0.000000X+-2.000000Y+-3.000000Z+1.500000|(58,113,206)|0
-0.481 0.0555 0.463 1e+09
1|0.000000X+0.000000Y+-0.750000Z+0.187500|(162,120,99)|1
-0.481 0.0555 0.25 0.463
returning....1

0|-0.000000X+-2.000000Y+-3.000000Z+1.500000|(58,113,206)|0
0.443 0.0555 0.463 1e+09
returning....0
-0.88
-0.48
0.44
1.44

1|0.000000X+0.000000Y+-0.750000Z+0.187500|(162,120,99)|1
-0.88 0.0585 0.25 1e+09
returning....1

0|-0.000000X+-2.000000Y+-3.000000Z+1.500000|(58,113,206)|1
-0.48 0.0585 0.461 1e+09
1|0.000000X+0.000000Y+-0.750000Z+0.187500|(162,120,99)|1
-0.48 0.0585 0.25 0.461
returning....1

0|-0.000000X+-2.000000Y+-3.000000Z+1.500000|(58,113,206)|1
0.44 0.0585 0.461 1e+09
returning....0
-0.874
-0.479
0.437
1.437

1|0.000000X+0.000000Y+-0.750000Z+0.187500|(162,120,99)|1
-0.874 0.0615 0.25 1e+09
returning....1

0|-0.000000X+-2.000000Y+-3.000000Z+1.500000|(58,113,206)|0
-0.479 0.0615 0.459 1e+09
1|0.000000X+0.000000Y+-0.750000Z+0.187500|(162,120,99)|1
-0.479 0.0615 0.25 0.459
returning....1

0|-0.000000X+-2.000000Y+-3.000000Z+1.500000|(58,113,206)|0
0.437 0.0615 0.459 1e+09
returning....0
-0.868
-0.478
0.434
1.434

1|0.000000X+0.000000Y+-0.750000Z+0.187500|(162,120,99)|1
-0.868 0.0645 0.25 1e+09
returning....1

0|-0.000000X+-2.000000Y+-3.000000Z+1.500000|(58,113,206)|1
-0.478 0.0645 0.457 1e+09
1|0.000000X+0.000000Y+-0.750000Z+0.187500|(162,120,99)|1
-0.478 0.0645 0.25 0.457
returning....1

0|-0.000000X+-2.000000Y+-3.000000Z+1.500000|(58,113,206)|1
0.434 0.0645 0.457 1e+09
returning....0
-0.862
-0.477
0.431
1.431

1|0.000000X+0.000000Y+-0.750000Z+0.187500|(162,120,99)|1
-0.862 0.0675 0.25 1e+09
returning....1

0|-0.000000X+-2.000000Y+-3.000000Z+1.500000|(58,113,206)|0
-0.477 0.0675 0.455 1e+09
1|0.000000X+0.000000Y+-0.750000Z+0.187500|(162,120,99)|1
-0.477 0.0675 0.25 0.455
returning....1

0|-0.000000X+-2.000000Y+-3.000000Z+1.500000|(58,113,206)|0
0.431 0.0675 0.455 1e+09
returning....0
-0.856
-0.476
0.428
1.428

1|0.000000X+0.000000Y+-0.750000Z+0.187500|(162,120,99)|1
-0.856 0.0705 0.25 1e+09
returning....1

0|-0.000000X+-2.000000Y+-3.000000Z+1.500000|(58,113,206)|1
-0.476 0.0705 0.453 1e+09
1|0.000000X+0.000000Y+-0.750000Z+0.187500|(162,120,99)|1
-0.476 0.0705 0.25 0.453
returning....1

0|-0.000000X+-2.000000Y+-3.000000Z+1.500000|(58,113,206)|1
0.428 0.0705 0.453 1e+09
returning....0
-0.85
-0.475
0.425
1.425

1|0.000000X+0.000000Y+-0.750000Z+0.187500|(162,120,99)|1
-0.85 0.0735 0.25 1e+09
returning....1

0|-0.000000X+-2.000000Y+-3.000000Z+1.500000|(58,113,206)|0
-0.475 0.0735 0.451 1e+09
1|0.000000X+0.000000Y+-0.750000Z+0.187500|(162,120,99)|1
-0.475 0.0735 0.25 0.451
returning....1

0|-0.000000X+-2.000000Y+-3.000000Z+1.500000|(58,113,206)|0
0.425 0.0735 0.451 1e+09
returning....0
-0.844
-0.474
0.422
1.422

1|0.000000X+0.000000Y+-0.750000Z+0.187500|(162,120,99)|1
-0.844 0.0765 0.25 1e+09
returning....1

0|-0.000000X+-2.000000Y+-3.000000Z+1.500000|(58,113,206)|1
-0.474 0.0765 0.449 1e+09
1|0.000000X+0.000000Y+-0.750000Z+0.187500|(162,120,99)|1
-0.474 0.0765 0.25 0.449
returning....1

0|-0.000000X+-2.000000Y+-3.000000Z+1.500000|(58,113,206)|1
0.422 0.0765 0.449 1e+09
returning....0
-0.838
-0.473
0.419
1.419

1|0.000000X+0.000000Y+-0.750000Z+0.187500|(162,120,99)|1
-0.838 0.0795 0.25 1e+09
returning....1

0|-0.000000X+-2.000000Y+-3.000000Z+1.500000|(58,113,206)|0
-0.473 0.0795 0.447 1e+09
1|0.000000X+0.000000Y+-0.750000Z+0.187500|(162,120,99)|1
-0.473 0.0795 0.25 0.447
returning....1

0|-0.000000X+-2.000000Y+-3.000000Z+1.500000|(58,113,206)|0
0.419 0.0795 0.447 1e+09
returning....0
-0.832
-0.472
0.416
1.416

1|0.000000X+0.000000Y+-0.750000Z+0.187500|(162,120,99)|1
-0.832 0.0825 0.25 1e+09
returning....1

0|-0.000000X+-2.000000Y+-3.000000Z+1.500000|(58,113,206)|1
-0.472 0.0825 0.445 1e+09
1|0.000000X+0.000000Y+-0.750000Z+0.187500|(162,120,99)|1
-0.472 0.0825 0.25 0.445
returning....1

0|-0.000000X+-2.000000Y+-3.000000Z+1.500000|(58,113,206)|1
0.416 0.0825 0.445 1e+09
returning....0
-0.826
-0.471
0.413
1.413

1|0.000000X+0.000000Y+-0.750000Z+0.187500|(162,120,99)|1
-0.826 0.0855 0.25 1e+09
returning....1

0|-0.000000X+-2.000000Y+-3.000000Z+1.500000|(58,113,206)|0
-0.471 0.0855 0.443 1e+09
1|0.000000X+0.000000Y+-0.750000Z+0.187500|(162,120,99)|1
-0.471 0.0855 0.25 0.443
returning....1

0|-0.000000X+-2.000000Y+-3.000000Z+1.500000|(58,113,206)|0
0.413 0.0855 0.443 1e+09
returning....0
-0.82
-0.47
0.41
1.41

1|0.000000X+0.000000Y+-0.750000Z+0.187500|(162,120,99)|1
-0.82 0.0885 0.25 1e+09
returning....1

0|-0.000000X+-2.000000Y+-3.000000Z+1.500000|(58,113,206)|1
-0.47 0.0885 0.441 1e+09
1|0.000000X+0.000000Y+-0.750000Z+0.187500|(162,120,99)|1
-0.47 0.0885 0.25 0.441
returning....1

0|-0.000000X+-2.000000Y+-3.000000Z+1.500000|(58,113,206)|1
0.41 0.0885 0.441 1e+09
returning....0
-0.814
-0.469
0.407
1.407

1|0.000000X+0.000000Y+-0.750000Z+0.187500|(162,120,99)|1
-0.814 0.0915 0.25 1e+09
returning....1

0|-0.000000X+-2.000000Y+-3.000000Z+1.500000|(58,113,206)|0
-0.469 0.0915 0.439 1e+09
1|0.000000X+0.000000Y+-0.750000Z+0.187500|(162,120,99)|1
-0.469 0.0915 0.25 0.439
returning....1

0|-0.000000X+-2.000000Y+-3.000000Z+1.500000|(58,113,206)|0
0.407 0.0915 0.439 1e+09
returning....0
-0.808
-0.468
0.404
1.404

1|0.000000X+0.000000Y+-0.750000Z+0.187500|(162,120,99)|1
-0.808 0.0945 0.25 1e+09
returning....1

0|-0.000000X+-2.000000Y+-3.000000Z+1.500000|(58,113,206)|1
-0.468 0.0945 0.437 1e+09
1|0.000000X+0.000000Y+-0.750000Z+0.187500|(162,120,99)|1
-0.468 0.0945 0.25 0.437
returning....1

0|-0.000000X+-2.000000Y+-3.000000Z+1.500000|(58,113,206)|1
0.404 0.0945 0.437 1e+09
returning....0
-0.802
-0.467
0.401
1.401

1|0.000000X+0.000000Y+-0.750000Z+0.187500|(162,120,99)|1
-0.802 0.0975 0.25 1e+09
returning....1

0|-0.000000X+-2.000000Y+-3.000000Z+1.500000|(58,113,206)|0
-0.467 0.0975 0.435 1e+09
1|0.000000X+0.000000Y+-0.750000Z+0.187500|(162,120,99)|1
-0.467 0.0975 0.25 0.435
returning....1

0|-0.000000X+-2.000000Y+-3.000000Z+1.500000|(58,113,206)|0
0.401 0.0975 0.435 1e+09
returning....0
-0.796
-0.466
0.398
1.398

1|0.000000X+0.000000Y+-0.750000Z+0.187500|(162,120,99)|1
-0.796 0.1005 0.25 1e+09
returning....1

0|-0.000000X+-2.000000Y+-3.000000Z+1.500000|(58,113,206)|1
-0.466 0.1005 0.433 1e+09
1|0.000000X+0.000000Y+-0.750000Z+0.187500|(162,120,99)|1
-0.466 0.1005 0.25 0.433
returning....1

0|-0.000000X+-2.000000Y+-3.000000Z+1.500000|(58,113,206)|1
0.398 0.1005 0.433 1e+09
returning....0
-0.79
-0.465
0.395
1.395

1|0.000000X+0.000000Y+-0.750000Z+0.187500|(162,120,99)|1
-0.79 0.1035 0.25 1e+09
returning....1

0|-0.000000X+-2.000000Y+-3.000000Z+1.500000|(58,113,206)|0
-0.465 0.1035 0.431 1e+09
1|0.000000X+0.000000Y+-0.750000Z+0.187500|(162,120,99)|1
-0.465 0.1035 0.25 0.431
returning....1

0|-0.000000X+-2.000000Y+-3.000000Z+1.500000|(58,113,206)|0
0.395 0.1035 0.431 1e+09
returning....0
-0.784
-0.464
0.392
1.392

1|0.000000X+0.000000Y+-0.750000Z+0.187500|(162,120,99)|1
-0.784 0.1065 0.25 1e+09
returning....1

0|-0.000000X+-2.000000Y+-3.000000Z+1.500000|(58,113,206)|1
-0.464 0.1065 0.429 1e+09
1|0.000000X+0.000000Y+-0.750000Z+0.187500|(162,120,99)|1
-0.464 0.1065 0.25 0.429
returning....1

0|-0.000000X+-2.000000Y+-3.000000Z+1.500000|(58,113,206)|1
0.392 0.1065 0.429 1e+09
returning....0
-0.778
-0.463
0.389
1.389

1|0.000000X+0.000000Y+-0.750000Z+0.187500|(162,120,99)|1
-0.778 0.1095 0.25 1e+09
returning....1

0|-0.000000X+-2.000000Y+-3.000000Z+1.500000|(58,113,206)|0
-0.463 0.1095 0.427 1e+09
1|0.000000X+0.000000Y+-0.750000Z+0.187500|(162,120,99)|1
-0.463 0.1095 0.25 0.427
returning....1

0|-0.000000X+-2.000000Y+-3.000000Z+1.500000|(58,113,206)|0
0.389 0.1095 0.427 1e+09
returning....0
-0.772
-0.462
0.386
1.386

1|0.000000X+0.000000Y+-0.750000Z+0.187500|(162,120,99)|1
-0.772 0.1125 0.25 1e+09
returning....1

0|-0.000000X+-2.000000Y+-3.000000Z+1.500000|(58,113,206)|1
-0.462 0.1125 0.425 1e+09
1|0.000000X+0.000000Y+-0.750000Z+0.187500|(162,120,99)|1
-0.462 0.1125 0.25 0.425
returning....1

0|-0.000000X+-2.000000Y+-3.000000Z+1.500000|(58,113,206)|1
0.386 0.1125 0.425 1e+09
returning....0
-0.766
-0.461
0.383
1.383

1|0.000000X+0.000000Y+-0.750000Z+0.187500|(162,120,99)|1
-0.766 0.1155 0.25 1e+09
returning....1

0|-0.000000X+-2.000000Y+-3.000000Z+1.500000|(58,113,206)|0
-0.461 0.1155 0.423 1e+09
1|0.000000X+0.000000Y+-0.750000Z+0.187500|(162,120,99)|1
-0.461 0.1155 0.25 0.423
returning....1

0|-0.000000X+-2.000000Y+-3.000000Z+1.500000|(58,113,206)|0
0.383 0.1155 0.423 1e+09
returning....0
-0.76
-0.46
0.38
1.38

1|0.000000X+0.000000Y+-0.750000Z+0.187500|(162,120,99)|1
-0.76 0.1185 0.25 1e+09
returning....1

0|-0.000000X+-2.000000Y+-3.000000Z+1.500000|(58,113,206)|1
-0.46 0.1185 0.421 1e+09
1|0.000000X+0.000000Y+-0.750000Z+0.187500|(162,120,99)|1
-0.46 0.1185 0.25 0.421
returning....1

0|-0.000000X+-2.000000Y+-3.000000Z+1.500000|(58,113,206)|1
0.38 0.1185 0.421 1e+09
returning....0
-0.754
-0.459
0.377
1.377

1|0.000000X+0.000000Y+-0.750000Z+0.187500|(162,120,99)|1
-0.754 0.1215 0.25 1e+09
returning....1

0|-0.000000X+-2.000000Y+-3.000000Z+1.500000|(58,113,206)|0
-0.459 0.1215 0.419 1e+09
1|0.000000X+0.000000Y+-0.750000Z+0.187500|(162,120,99)|1
-0.459 0.1215 0.25 0.419
returning....1

0|-0.000000X+-2.000000Y+-3.000000Z+1.500000|(58,113,206)|0
0.377 0.1215 0.419 1e+09
returning....0
-0.748
-0.458
0.374
1.374

1|0.000000X+0.000000Y+-0.750000Z+0.187500|(162,120,99)|1
-0.748 0.1245 0.25 1e+09
returning....1

0|-0.000000X+-2.000000Y+-3.000000Z+1.500000|(58,113,206)|1
-0.458 0.1245 0.417 1e+09
1|0.000000X+0.000000Y+-0.750000Z+0.187500|(162,120,99)|1
-0.458 0.1245 0.25 0.417
returning....1

0|-0.000000X+-2.000000Y+-3.000000Z+1.500000|(58,113,206)|1
0.374 0.1245 0.417 1e+09
returning....0
-0.742
-0.457
0.371
1.371

1|0.000000X+0.000000Y+-0.750000Z+0.187500|(162,120,99)|1
-0.742 0.1275 0.25 1e+09
returning....1

0|-0.000000X+-2.000000Y+-3.000000Z+1.500000|(58,113,206)|0
-0.457 0.1275 0.415 1e+09
1|0.000000X+0.000000Y+-0.750000Z+0.187500|(162,120,99)|1
-0.457 0.1275 0.25 0.415
returning....1

0|-0.000000X+-2.000000Y+-3.000000Z+1.500000|(58,113,206)|0
0.371 0.1275 0.415 1e+09
returning....0
-0.736
-0.456
0.368
1.368

1|0.000000X+0.000000Y+-0.750000Z+0.187500|(162,120,99)|1
-0.736 0.1305 0.25 1e+09
returning....1

0|-0.000000X+-2.000000Y+-3.000000Z+1.500000|(58,113,206)|1
-0.456 0.1305 0.413 1e+09
1|0.000000X+0.000000Y+-0.750000Z+0.187500|(162,120,99)|1
-0.456 0.1305 0.25 0.413
returning....1

0|-0.000000X+-2.000000Y+-3.000000Z+1.500000|(58,113,206)|1
0.368 0.1305 0.413 1e+09
returning....0
-0.73
-0.455
0.365
1.365

1|0.000000X+0.000000Y+-0.750000Z+0.187500|(162,120,99)|1
-0.73 0.1335 0.25 1e+09
returning....1

0|-0.000000X+-2.000000Y+-3.000000Z+1.500000|(58,113,206)|0
-0.455 0.1335 0.411 1e+09
1|0.000000X+0.000000Y+-0.750000Z+0.187500|(162,120,99)|1
-0.455 0.1335 0.25 0.411
returning....1

0|-0.000000X+-2.000000Y+-3.000000Z+1.500000|(58,113,206)|0
0.365 0.1335 0.411 1e+09
returning....0
-0.724
-0.454
0.362
1.362

1|0.000000X+0.000000Y+-0.750000Z+0.187500|(162,120,99)|1
-0.724 0.1365 0.25 1e+09
returning....1

0|-0.000000X+-2.000000Y+-3.000000Z+1.500000|(58,113,206)|1
-0.454 0.1365 0.409 1e+09
1|0.000000X+0.000000Y+-0.750000Z+0.187500|(162,120,99)|1
-0.454 0.1365 0.25 0.409
returning....1

0|-0.000000X+-2.000000Y+-3.000000Z+1.500000|(58,113,206)|1
0.362 0.1365 0.409 1e+09
returning....0
-0.718
-0.453
0.359
1.359

1|0.000000X+0.000000Y+-0.750000Z+0.187500|(162,120,99)|1
-0.718 0.1395 0.25 1e+09
returning....1

0|-0.000000X+-2.000000Y+-3.000000Z+1.500000|(58,113,206)|0
-0.453 0.1395 0.407 1e+09
1|0.000000X+0.000000Y+-0.750000Z+0.187500|(162,120,99)|1
-0.453 0.1395 0.25 0.407
returning....1

0|-0.000000X+-2.000000Y+-3.000000Z+1.500000|(58,113,206)|0
0.359 0.1395 0.407 1e+09
returning....0
-0.712
-0.452
0.356
1.356

1|0.000000X+0.000000Y+-0.750000Z+0.187500|(162,120,99)|1
-0.712 0.1425 0.25 1e+09
returning....1

0|-0.000000X+-2.000000Y+-3.000000Z+1.500000|(58,113,206)|1
-0.452 0.1425 0.405 1e+09
1|0.000000X+0.000000Y+-0.750000Z+0.187500|(162,120,99)|1
-0.452 0.1425 0.25 0.405
returning....1

0|-0.000000X+-2.000000Y+-3.000000Z+1.500000|(58,113,206)|1
0.356 0.1425 0.405 1e+09
returning....0
-0.706
-0.451
0.353
1.353

1|0.000000X+0.000000Y+-0.750000Z+0.187500|(162,120,99)|1
-0.706 0.1455 0.25 1e+09
returning....1

0|-0.000000X+-2.000000Y+-3.000000Z+1.500000|(58,113,206)|0
-0.451 0.1455 0.403 1e+09
1|0.000000X+0.000000Y+-0.750000Z+0.187500|(162,120,99)|1
-0.451 0.1455 0.25 0.403
returning....1

0|-0.000000X+-2.000000Y+-3.000000Z+1.500000|(58,113,206)|0
0.353 0.1455 0.403 1e+09
returning....0
-0.7
-0.45
0.35
1.35

1|0.000000X+0.000000Y+-0.750000Z+0.187500|(162,120,99)|1
-0.7 0.1485 0.25 1e+09
returning....1

0|-0.000000X+-2.000000Y+-3.000000Z+1.500000|(58,113,206)|1
-0.45 0.1485 0.401 1e+09
1|0.000000X+0.000000Y+-0.750000Z+0.187500|(162,120,99)|1
-0.45 0.1485 0.25 0.401
returning....1

0|-0.000000X+-2.000000Y+-3.000000Z+1.500000|(58,113,206)|1
0.35 0.1485 0.401 1e+09
returning....0
-0.694
-0.449
0.347
1.347

1|0.000000X+0.000000Y+-0.750000Z+0.187500|(162,120,99)|1
-0.694 0.1515 0.25 1e+09
returning....1

0|-0.000000X+-2.000000Y+-3.000000Z+1.500000|(58,113,206)|0
-0.449 0.1515 0.399 1e+09
1|0.000000X+0.000000Y+-0.750000Z+0.187500|(162,120,99)|1
-0.449 0.1515 0.25 0.399
returning....1

0|-0.000000X+-2.000000Y+-3.000000Z+1.500000|(58,113,206)|0
0.347 0.1515 0.399 1e+09
returning....0
-0.688
-0.448
0.344
1.344

1|0.000000X+0.000000Y+-0.750000Z+0.187500|(162,120,99)|1
-0.688 0.1545 0.25 1e+09
returning....1

0|-0.000000X+-2.000000Y+-3.000000Z+1.500000|(58,113,206)|1
-0.448 0.1545 0.397 1e+09
1|0.000000X+0.000000Y+-0.750000Z+0.187500|(162,120,99)|1
-0.448 0.1545 0.25 0.397
returning....1

0|-0.000000X+-2.000000Y+-3.000000Z+1.500000|(58,113,206)|1
0.344 0.1545 0.397 1e+09
returning....0
-0.682
-0.447
0.341
1.341

1|0.000000X+0.000000Y+-0.750000Z+0.187500|(162,120,99)|1
-0.682 0.1575 0.25 1e+09
returning....1

0|-0.000000X+-2.000000Y+-3.000000Z+1.500000|(58,113,206)|0
-0.447 0.1575 0.395 1e+09
1|0.000000X+0.000000Y+-0.750000Z+0.187500|(162,120,99)|1
-0.447 0.1575 0.25 0.395
returning....1

0|-0.000000X+-2.000000Y+-3.000000Z+1.500000|(58,113,206)|0
0.341 0.1575 0.395 1e+09
returning....0
-0.676
-0.446
0.338
1.338

1|0.000000X+0.000000Y+-0.750000Z+0.187500|(162,120,99)|1
-0.676 0.1605 0.25 1e+09
returning....1

0|-0.000000X+-2.000000Y+-3.000000Z+1.500000|(58,113,206)|1
-0.446 0.1605 0.393 1e+09
1|0.000000X+0.000000Y+-0.750000Z+0.187500|(162,120,99)|1
-0.446 0.1605 0.25 0.393
returning....1

0|-0.000000X+-2.000000Y+-3.000000Z+1.500000|(58,113,206)|1
0.338 0.1605 0.393 1e+09
returning....0
-0.67
-0.445
0.335
1.335

1|0.000000X+0.000000Y+-0.750000Z+0.187500|(162,120,99)|1
-0.67 0.1635 0.25 1e+09
returning....1

0|-0.000000X+-2.000000Y+-3.000000Z+1.500000|(58,113,206)|0
-0.445 0.1635 0.391 1e+09
1|0.000000X+0.000000Y+-0.750000Z+0.187500|(162,120,99)|1
-0.445 0.1635 0.25 0.391
returning....1

0|-0.000000X+-2.000000Y+-3.000000Z+1.500000|(58,113,206)|0
0.335 0.1635 0.391 1e+09
returning....0
-0.664
-0.444
0.332
1.332

1|0.000000X+0.000000Y+-0.750000Z+0.187500|(162,120,99)|1
-0.664 0.1665 0.25 1e+09
returning....1

0|-0.000000X+-2.000000Y+-3.000000Z+1.500000|(58,113,206)|1
-0.444 0.1665 0.389 1e+09
1|0.000000X+0.000000Y+-0.750000Z+0.187500|(162,120,99)|1
-0.444 0.1665 0.25 0.389
returning....1

0|-0.000000X+-2.000000Y+-3.000000Z+1.500000|(58,113,206)|1
0.332 0.1665 0.389 1e+09
returning....0
-0.658
-0.443
0.329
1.329

1|0.000000X+0.000000Y+-0.750000Z+0.187500|(162,120,99)|1
-0.658 0.1695 0.25 1e+09
returning....1

0|-0.000000X+-2.000000Y+-3.000000Z+1.500000|(58,113,206)|0
-0.443 0.1695 0.387 1e+09
1|0.000000X+0.000000Y+-0.750000Z+0.187500|(162,120,99)|1
-0.443 0.1695 0.25 0.387
returning....1

0|-0.000000X+-2.000000Y+-3.000000Z+1.500000|(58,113,206)|0
0.329 0.1695 0.387 1e+09
returning....0
-0.652
-0.442
0.326
1.326

1|0.000000X+0.000000Y+-0.750000Z+0.187500|(162,120,99)|1
-0.652 0.1725 0.25 1e+09
returning....1

0|-0.000000X+-2.000000Y+-3.000000Z+1.500000|(58,113,206)|1
-0.442 0.1725 0.385 1e+09
1|0.000000X+0.000000Y+-0.750000Z+0.187500|(162,120,99)|1
-0.442 0.1725 0.25 0.385
returning....1

0|-0.000000X+-2.000000Y+-3.000000Z+1.500000|(58,113,206)|1
0.326 0.1725 0.385 1e+09
returning....0
-0.646
-0.441
0.323
1.323

1|0.000000X+0.000000Y+-0.750000Z+0.187500|(162,120,99)|1
-0.646 0.1755 0.25 1e+09
returning....1

0|-0.000000X+-2.000000Y+-3.000000Z+1.500000|(58,113,206)|0
-0.441 0.1755 0.383 1e+09
1|0.000000X+0.000000Y+-0.750000Z+0.187500|(162,120,99)|1
-0.441 0.1755 0.25 0.383
returning....1

0|-0.000000X+-2.000000Y+-3.000000Z+1.500000|(58,113,206)|0
0.323 0.1755 0.383 1e+09
returning....0
-0.64
-0.44
0.32
1.32

1|0.000000X+0.000000Y+-0.750000Z+0.187500|(162,120,99)|1
-0.64 0.1785 0.25 1e+09
returning....1

0|-0.000000X+-2.000000Y+-3.000000Z+1.500000|(58,113,206)|1
-0.44 0.1785 0.381 1e+09
1|0.000000X+0.000000Y+-0.750000Z+0.187500|(162,120,99)|1
-0.44 0.1785 0.25 0.381
returning....1

0|-0.000000X+-2.000000Y+-3.000000Z+1.500000|(58,113,206)|1
0.32 0.1785 0.381 1e+09
returning....0
-0.634
-0.439
0.317
1.317

1|0.000000X+0.000000Y+-0.750000Z+0.187500|(162,120,99)|1
-0.634 0.1815 0.25 1e+09
returning....1

0|-0.000000X+-2.000000Y+-3.000000Z+1.500000|(58,113,206)|0
-0.439 0.1815 0.379 1e+09
1|0.000000X+0.000000Y+-0.750000Z+0.187500|(162,120,99)|1
-0.439 0.1815 0.25 0.379
returning....1

0|-0.000000X+-2.000000Y+-3.000000Z+1.500000|(58,113,206)|0
0.317 0.1815 0.379 1e+09
returning....0
-0.628
-0.438
0.314
1.314

1|0.000000X+0.000000Y+-0.750000Z+0.187500|(162,120,99)|1
-0.628 0.1845 0.25 1e+09
returning....1

0|-0.000000X+-2.000000Y+-3.000000Z+1.500000|(58,113,206)|1
-0.438 0.1845 0.377 1e+09
1|0.000000X+0.000000Y+-0.750000Z+0.187500|(162,120,99)|1
-0.438 0.1845 0.25 0.377
returning....1

0|-0.000000X+-2.000000Y+-3.000000Z+1.500000|(58,113,206)|1
0.314 0.1845 0.377 1e+09
returning....0
-0.622
-0.437
0.311
1.311

1|0.000000X+0.000000Y+-0.750000Z+0.187500|(162,120,99)|1
-0.622 0.1875 0.25 1e+09
returning....1

0|-0.000000X+-2.000000Y+-3.000000Z+1.500000|(58,113,206)|0
-0.437 0.1875 0.375 1e+09
1|0.000000X+0.000000Y+-0.750000Z+0.187500|(162,120,99)|1
-0.437 0.1875 0.25 0.375
returning....1

0|-0.000000X+-2.000000Y+-3.000000Z+1.500000|(58,113,206)|0
0.311 0.1875 0.375 1e+09
returning....0
-0.616
-0.436
0.308
1.308

1|0.000000X+0.000000Y+-0.750000Z+0.187500|(162,120,99)|1
-0.616 0.1905 0.25 1e+09
returning....1

0|-0.000000X+-2.000000Y+-3.000000Z+1.500000|(58,113,206)|1
-0.436 0.1905 0.373 1e+09
1|0.000000X+0.000000Y+-0.750000Z+0.187500|(162,120,99)|1
-0.436 0.1905 0.25 0.373
returning....1

0|-0.000000X+-2.000000Y+-3.000000Z+1.500000|(58,113,206)|1
0.308 0.1905 0.373 1e+09
returning....0
-0.61
-0.435
0.305
1.305

1|0.000000X+0.000000Y+-0.750000Z+0.187500|(162,120,99)|1
-0.61 0.1935 0.25 1e+09
returning....1

0|-0.000000X+-2.000000Y+-3.000000Z+1.500000|(58,113,206)|0
-0.435 0.1935 0.371 1e+09
1|0.000000X+0.000000Y+-0.750000Z+0.187500|(162,120,99)|1
-0.435 0.1935 0.25 0.371
returning....1

0|-0.000000X+-2.000000Y+-3.000000Z+1.500000|(58,113,206)|0
0.305 0.1935 0.371 1e+09
returning....0
-0.604
-0.434
0.302
1.302

1|0.000000X+0.000000Y+-0.750000Z+0.187500|(162,120,99)|1
-0.604 0.1965 0.25 1e+09
returning....1

0|-0.000000X+-2.000000Y+-3.000000Z+1.500000|(58,113,206)|1
-0.434 0.1965 0.369 1e+09
1|0.000000X+0.000000Y+-0.750000Z+0.187500|(162,120,99)|1
-0.434 0.1965 0.25 0.369
returning....1

0|-0.000000X+-2.000000Y+-3.000000Z+1.500000|(58,113,206)|1
0.302 0.1965 0.369 1e+09
returning....0
-0.598
-0.433
0.299
1.299

1|0.000000X+0.000000Y+-0.750000Z+0.187500|(162,120,99)|1
-0.598 0.1995 0.25 1e+09
returning....1

0|-0.000000X+-2.000000Y+-3.000000Z+1.500000|(58,113,206)|0
-0.433 0.1995 0.367 1e+09
1|0.000000X+0.000000Y+-0.750000Z+0.187500|(162,120,99)|1
-0.433 0.1995 0.25 0.367
returning....1

0|-0.000000X+-2.000000Y+-3.000000Z+1.500000|(58,113,206)|0
0.299 0.1995 0.367 1e+09
returning....0
-0.592
-0.432
0.296
1.296

1|0.000000X+0.000000Y+-0.750000Z+0.187500|(162,120,99)|1
-0.592 0.2025 0.25 1e+09
returning....1

0|-0.000000X+-2.000000Y+-3.000000Z+1.500000|(58,113,206)|1
-0.432 0.2025 0.365 1e+09
1|0.000000X+0.000000Y+-0.750000Z+0.187500|(162,120,99)|1
-0.432 0.2025 0.25 0.365
returning....1

0|-0.000000X+-2.000000Y+-3.000000Z+1.500000|(58,113,206)|1
0.296 0.2025 0.365 1e+09
returning....0
-0.586
-0.431
0.293
1.293

1|0.000000X+0.000000Y+-0.750000Z+0.187500|(162,120,99)|1
-0.586 0.2055 0.25 1e+09
returning....1

0|-0.000000X+-2.000000Y+-3.000000Z+1.500000|(58,113,206)|0
-0.431 0.2055 0.363 1e+09
1|0.000000X+0.000000Y+-0.750000Z+0.187500|(162,120,99)|1
-0.431 0.2055 0.25 0.363
returning....1

0|-0.000000X+-2.000000Y+-3.000000Z+1.500000|(58,113,206)|0
0.293 0.2055 0.363 1e+09
returning....0
-0.58
-0.43
0.29
1.29

1|0.000000X+0.000000Y+-0.750000Z+0.187500|(162,120,99)|1
-0.58 0.2085 0.25 1e+09
returning....1

0|-0.000000X+-2.000000Y+-3.000000Z+1.500000|(58,113,206)|1
-0.43 0.2085 0.361 1e+09
1|0.000000X+0.000000Y+-0.750000Z+0.187500|(162,120,99)|1
-0.43 0.2085 0.25 0.361
returning....1

0|-0.000000X+-2.000000Y+-3.000000Z+1.500000|(58,113,206)|1
0.29 0.2085 0.361 1e+09
returning....0
-0.574
-0.429
0.287
1.287

1|0.000000X+0.000000Y+-0.750000Z+0.187500|(162,120,99)|1
-0.574 0.2115 0.25 1e+09
returning....1

0|-0.000000X+-2.000000Y+-3.000000Z+1.500000|(58,113,206)|0
-0.429 0.2115 0.359 1e+09
1|0.000000X+0.000000Y+-0.750000Z+0.187500|(162,120,99)|1
-0.429 0.2115 0.25 0.359
returning....1

0|-0.000000X+-2.000000Y+-3.000000Z+1.500000|(58,113,206)|0
0.287 0.2115 0.359 1e+09
returning....0
-0.568
-0.428
0.284
1.284

1|0.000000X+0.000000Y+-0.750000Z+0.187500|(162,120,99)|1
-0.568 0.2145 0.25 1e+09
returning....1

0|-0.000000X+-2.000000Y+-3.000000Z+1.500000|(58,113,206)|1
-0.428 0.2145 0.357 1e+09
1|0.000000X+0.000000Y+-0.750000Z+0.187500|(162,120,99)|1
-0.428 0.2145 0.25 0.357
returning....1

0|-0.000000X+-2.000000Y+-3.000000Z+1.500000|(58,113,206)|1
0.284 0.2145 0.357 1e+09
returning....0
-0.562
-0.427
0.281
1.281

1|0.000000X+0.000000Y+-0.750000Z+0.187500|(162,120,99)|1
-0.562 0.2175 0.25 1e+09
returning....1

0|-0.000000X+-2.000000Y+-3.000000Z+1.500000|(58,113,206)|0
-0.427 0.2175 0.355 1e+09
1|0.000000X+0.000000Y+-0.750000Z+0.187500|(162,120,99)|1
-0.427 0.2175 0.25 0.355
returning....1

0|-0.000000X+-2.000000Y+-3.000000Z+1.500000|(58,113,206)|0
0.281 0.2175 0.355 1e+09
returning....0
-0.556
-0.426
0.278
1.278

1|0.000000X+0.000000Y+-0.750000Z+0.187500|(162,120,99)|1
-0.556 0.2205 0.25 1e+09
returning....1

0|-0.000000X+-2.000000Y+-3.000000Z+1.500000|(58,113,206)|1
-0.426 0.2205 0.353 1e+09
1|0.000000X+0.000000Y+-0.750000Z+0.187500|(162,120,99)|1
-0.426 0.2205 0.25 0.353
returning....1

0|-0.000000X+-2.000000Y+-3.000000Z+1.500000|(58,113,206)|1
0.278 0.2205 0.353 1e+09
returning....0
-0.55
-0.425
0.275
1.275

1|0.000000X+0.000000Y+-0.750000Z+0.187500|(162,120,99)|1
-0.55 0.2235 0.25 1e+09
returning....1

0|-0.000000X+-2.000000Y+-3.000000Z+1.500000|(58,113,206)|0
-0.425 0.2235 0.351 1e+09
1|0.000000X+0.000000Y+-0.750000Z+0.187500|(162,120,99)|1
-0.425 0.2235 0.25 0.351
returning....1

0|-0.000000X+-2.000000Y+-3.000000Z+1.500000|(58,113,206)|0
0.275 0.2235 0.351 1e+09
returning....0
-0.544
-0.424
0.272
1.272

1|0.000000X+0.000000Y+-0.750000Z+0.187500|(162,120,99)|1
-0.544 0.2265 0.25 1e+09
returning....1

0|-0.000000X+-2.000000Y+-3.000000Z+1.500000|(58,113,206)|1
-0.424 0.2265 0.349 1e+09
1|0.000000X+0.000000Y+-0.750000Z+0.187500|(162,120,99)|1
-0.424 0.2265 0.25 0.349
returning....1

0|-0.000000X+-2.000000Y+-3.000000Z+1.500000|(58,113,206)|1
0.272 0.2265 0.349 1e+09
returning....0
-0.538
-0.423
0.269
1.269

1|0.000000X+0.000000Y+-0.750000Z+0.187500|(162,120,99)|1
-0.538 0.2295 0.25 1e+09
returning....1

0|-0.000000X+-2.000000Y+-3.000000Z+1.500000|(58,113,206)|0
-0.423 0.2295 0.347 1e+09
1|0.000000X+0.000000Y+-0.750000Z+0.187500|(162,120,99)|1
-0.423 0.2295 0.25 0.347
returning....1

0|-0.000000X+-2.000000Y+-3.000000Z+1.500000|(58,113,206)|0
0.269 0.2295 0.347 1e+09
returning....0
-0.532
-0.422
0.266
1.266

1|0.000000X+0.000000Y+-0.750000Z+0.187500|(162,120,99)|1
-0.532 0.2325 0.25 1e+09
returning....1

0|-0.000000X+-2.000000Y+-3.000000Z+1.500000|(58,113,206)|1
-0.422 0.2325 0.345 1e+09
1|0.000000X+0.000000Y+-0.750000Z+0.187500|(162,120,99)|1
-0.422 0.2325 0.25 0.345
returning....1

0|-0.000000X+-2.000000Y+-3.000000Z+1.500000|(58,113,206)|1
0.266 0.2325 0.345 1e+09
returning....0
-0.526
-0.421
0.263
1.263

1|0.000000X+0.000000Y+-0.750000Z+0.187500|(162,120,99)|1
-0.526 0.2355 0.25 1e+09
returning....1

0|-0.000000X+-2.000000Y+-3.000000Z+1.500000|(58,113,206)|0
-0.421 0.2355 0.343 1e+09
1|0.000000X+0.000000Y+-0.750000Z+0.187500|(162,120,99)|1
-0.421 0.2355 0.25 0.343
returning....1

0|-0.000000X+-2.000000Y+-3.000000Z+1.500000|(58,113,206)|0
0.263 0.2355 0.343 1e+09
returning....0
-0.52
-0.42
0.26
1.26

1|0.000000X+0.000000Y+-0.750000Z+0.187500|(162,120,99)|1
-0.52 0.2385 0.25 1e+09
returning....1

0|-0.000000X+-2.000000Y+-3.000000Z+1.500000|(58,113,206)|1
-0.42 0.2385 0.341 1e+09
1|0.000000X+0.000000Y+-0.750000Z+0.187500|(162,120,99)|1
-0.42 0.2385 0.25 0.341
returning....1

0|-0.000000X+-2.000000Y+-3.000000Z+1.500000|(58,113,206)|1
0.26 0.2385 0.341 1e+09
returning....0
-0.514
-0.419
0.257
1.257

1|0.000000X+0.000000Y+-0.750000Z+0.187500|(162,120,99)|1
-0.514 0.2415 0.25 1e+09
returning....1

0|-0.000000X+-2.000000Y+-3.000000Z+1.500000|(58,113,206)|0
-0.419 0.2415 0.339 1e+09
1|0.000000X+0.000000Y+-0.750000Z+0.187500|(162,120,99)|1
-0.419 0.2415 0.25 0.339
returning....1

0|-0.000000X+-2.000000Y+-3.000000Z+1.500000|(58,113,206)|0
0.257 0.2415 0.339 1e+09
returning....0
-0.508
-0.418
0.254
1.254

1|0.000000X+0.000000Y+-0.750000Z+0.187500|(162,120,99)|1
-0.508 0.2445 0.25 1e+09
returning....1

0|-0.000000X+-2.000000Y+-3.000000Z+1.500000|(58,113,206)|1
-0.418 0.2445 0.337 1e+09
1|0.000000X+0.000000Y+-0.750000Z+0.187500|(162,120,99)|1
-0.418 0.2445 0.25 0.337
returning....1

0|-0.000000X+-2.000000Y+-3.000000Z+1.500000|(58,113,206)|1
0.254 0.2445 0.337 1e+09
returning....0
-0.502
-0.417
0.251
1.251

1|0.000000X+0.000000Y+-0.750000Z+0.187500|(162,120,99)|1
-0.502 0.2475 0.25 1e+09
returning....1

0|-0.000000X+-2.000000Y+-3.000000Z+1.500000|(58,113,206)|0
-0.417 0.2475 0.335 1e+09
1|0.000000X+0.000000Y+-0.750000Z+0.187500|(162,120,99)|1
-0.417 0.2475 0.25 0.335
returning....1

0|-0.000000X+-2.000000Y+-3.000000Z+1.500000|(58,113,206)|0
0.251 0.2475 0.335 1e+09
returning....0
-0.496
-0.416
0.248
1.248

1|0.000000X+0.000000Y+-0.750000Z+0.187500|(162,120,99)|1
-0.496 0.2505 0.25 1e+09
returning....1

0|-0.000000X+-2.000000Y+-3.000000Z+1.500000|(58,113,206)|1
-0.416 0.2505 0.333 1e+09
1|0.000000X+0.000000Y+-0.750000Z+0.187500|(162,120,99)|1
-0.416 0.2505 0.25 0.333
returning....1

0|-0.000000X+-2.000000Y+-3.000000Z+1.500000|(58,113,206)|1
0.248 0.2505 0.333 1e+09
returning....0
-0.49
-0.415
0.245
1.245

1|0.000000X+0.000000Y+-0.750000Z+0.187500|(162,120,99)|1
-0.49 0.2535 0.25 1e+09
returning....1

0|-0.000000X+-2.000000Y+-3.000000Z+1.500000|(58,113,206)|0
-0.415 0.2535 0.331 1e+09
1|0.000000X+0.000000Y+-0.750000Z+0.187500|(162,120,99)|1
-0.415 0.2535 0.25 0.331
returning....1

0|-0.000000X+-2.000000Y+-3.000000Z+1.500000|(58,113,206)|0
0.245 0.2535 0.331 1e+09
returning....0
-0.484
-0.414
0.242
1.242

1|0.000000X+0.000000Y+-0.750000Z+0.187500|(162,120,99)|1
-0.484 0.2565 0.25 1e+09
returning....1

0|-0.000000X+-2.000000Y+-3.000000Z+1.500000|(58,113,206)|1
-0.414 0.2565 0.329 1e+09
1|0.000000X+0.000000Y+-0.750000Z+0.187500|(162,120,99)|1
-0.414 0.2565 0.25 0.329
returning....1

0|-0.000000X+-2.000000Y+-3.000000Z+1.500000|(58,113,206)|1
0.242 0.2565 0.329 1e+09
returning....0
-0.478
-0.413
0.239
1.239

1|0.000000X+0.000000Y+-0.750000Z+0.187500|(162,120,99)|1
-0.478 0.2595 0.25 1e+09
returning....1

0|-0.000000X+-2.000000Y+-3.000000Z+1.500000|(58,113,206)|0
-0.413 0.2595 0.327 1e+09
1|0.000000X+0.000000Y+-0.750000Z+0.187500|(162,120,99)|1
-0.413 0.2595 0.25 0.327
returning....1

0|-0.000000X+-2.000000Y+-3.000000Z+1.500000|(58,113,206)|0
0.239 0.2595 0.327 1e+09
returning....0
-0.472
-0.412
0.236
1.236

1|0.000000X+0.000000Y+-0.750000Z+0.187500|(162,120,99)|1
-0.472 0.2625 0.25 1e+09
returning....1

0|-0.000000X+-2.000000Y+-3.000000Z+1.500000|(58,113,206)|1
-0.412 0.2625 0.325 1e+09
1|0.000000X+0.000000Y+-0.750000Z+0.187500|(162,120,99)|1
-0.412 0.2625 0.25 0.325
returning....1

0|-0.000000X+-2.000000Y+-3.000000Z+1.500000|(58,113,206)|1
0.236 0.2625 0.325 1e+09
returning....0
-0.466
-0.411
0.233
1.233

1|0.000000X+0.000000Y+-0.750000Z+0.187500|(162,120,99)|1
-0.466 0.2655 0.25 1e+09
returning....1

0|-0.000000X+-2.000000Y+-3.000000Z+1.500000|(58,113,206)|0
-0.411 0.2655 0.323 1e+09
1|0.000000X+0.000000Y+-0.750000Z+0.187500|(162,120,99)|1
-0.411 0.2655 0.25 0.323
returning....1

0|-0.000000X+-2.000000Y+-3.000000Z+1.500000|(58,113,206)|0
0.233 0.2655 0.323 1e+09
returning....0
-0.46
-0.41
0.23
1.23

1|0.000000X+0.000000Y+-0.750000Z+0.187500|(162,120,99)|1
-0.46 0.2685 0.25 1e+09
returning....1

0|-0.000000X+-2.000000Y+-3.000000Z+1.500000|(58,113,206)|1
-0.41 0.2685 0.321 1e+09
1|0.000000X+0.000000Y+-0.750000Z+0.187500|(162,120,99)|1
-0.41 0.2685 0.25 0.321
returning....1

0|-0.000000X+-2.000000Y+-3.000000Z+1.500000|(58,113,206)|1
0.23 0.2685 0.321 1e+09
returning....0
-0.454
-0.409
0.227
1.227

1|0.000000X+0.000000Y+-0.750000Z+0.187500|(162,120,99)|1
-0.454 0.2715 0.25 1e+09
returning....1

0|-0.000000X+-2.000000Y+-3.000000Z+1.500000|(58,113,206)|0
-0.409 0.2715 0.319 1e+09
1|0.000000X+0.000000Y+-0.750000Z+0.187500|(162,120,99)|1
-0.409 0.2715 0.25 0.319
returning....1

0|-0.000000X+-2.000000Y+-3.000000Z+1.500000|(58,113,206)|0
0.227 0.2715 0.319 1e+09
returning....0
-0.448
-0.408
0.224
1.224

1|0.000000X+0.000000Y+-0.750000Z+0.187500|(162,120,99)|1
-0.448 0.2745 0.25 1e+09
returning....1

0|-0.000000X+-2.000000Y+-3.000000Z+1.500000|(58,113,206)|1
-0.408 0.2745 0.317 1e+09
1|0.000000X+0.000000Y+-0.750000Z+0.187500|(162,120,99)|1
-0.408 0.2745 0.25 0.317
returning....1

0|-0.000000X+-2.000000Y+-3.000000Z+1.500000|(58,113,206)|1
0.224 0.2745 0.317 1e+09
returning....0
-0.442
-0.407
0.221
1.221

1|0.000000X+0.000000Y+-0.750000Z+0.187500|(162,120,99)|1
-0.442 0.2775 0.25 1e+09
returning....1

0|-0.000000X+-2.000000Y+-3.000000Z+1.500000|(58,113,206)|0
-0.407 0.2775 0.315 1e+09
1|0.000000X+0.000000Y+-0.750000Z+0.187500|(162,120,99)|1
-0.407 0.2775 0.25 0.315
returning....1

0|-0.000000X+-2.000000Y+-3.000000Z+1.500000|(58,113,206)|0
0.221 0.2775 0.315 1e+09
returning....0
-0.436
-0.406
0.218
1.218

1|0.000000X+0.000000Y+-0.750000Z+0.187500|(162,120,99)|1
-0.436 0.2805 0.25 1e+09
returning....1

0|-0.000000X+-2.000000Y+-3.000000Z+1.500000|(58,113,206)|1
-0.406 0.2805 0.313 1e+09
1|0.000000X+0.000000Y+-0.750000Z+0.187500|(162,120,99)|1
-0.406 0.2805 0.25 0.313
returning....1

0|-0.000000X+-2.000000Y+-3.000000Z+1.500000|(58,113,206)|1
0.218 0.2805 0.313 1e+09
returning....0
-0.43
-0.405
0.215
1.215

1|0.000000X+0.000000Y+-0.750000Z+0.187500|(162,120,99)|1
-0.43 0.2835 0.25 1e+09
returning....1

0|-0.000000X+-2.000000Y+-3.000000Z+1.500000|(58,113,206)|0
-0.405 0.2835 0.311 1e+09
1|0.000000X+0.000000Y+-0.750000Z+0.187500|(162,120,99)|1
-0.405 0.2835 0.25 0.311
returning....1

0|-0.000000X+-2.000000Y+-3.000000Z+1.500000|(58,113,206)|0
0.215 0.2835 0.311 1e+09
returning....0
-0.424
-0.404
0.212
1.212

1|0.000000X+0.000000Y+-0.750000Z+0.187500|(162,120,99)|1
-0.424 0.2865 0.25 1e+09
returning....1

0|-0.000000X+-2.000000Y+-3.000000Z+1.500000|(58,113,206)|1
-0.404 0.2865 0.309 1e+09
1|0.000000X+0.000000Y+-0.750000Z+0.187500|(162,120,99)|1
-0.404 0.2865 0.25 0.309
returning....1

0|-0.000000X+-2.000000Y+-3.000000Z+1.500000|(58,113,206)|1
0.212 0.2865 0.309 1e+09
returning....0
-0.418
-0.403
0.209
1.209

1|0.000000X+0.000000Y+-0.750000Z+0.187500|(162,120,99)|1
-0.418 0.2895 0.25 1e+09
returning....1

0|-0.000000X+-2.000000Y+-3.000000Z+1.500000|(58,113,206)|0
-0.403 0.2895 0.307 1e+09
1|0.000000X+0.000000Y+-0.750000Z+0.187500|(162,120,99)|1
-0.403 0.2895 0.25 0.307
returning....1

0|-0.000000X+-2.000000Y+-3.000000Z+1.500000|(58,113,206)|0
0.209 0.2895 0.307 1e+09
returning....0
-0.412
-0.402
0.206
1.206

1|0.000000X+0.000000Y+-0.750000Z+0.187500|(162,120,99)|1
-0.412 0.2925 0.25 1e+09
returning....1

0|-0.000000X+-2.000000Y+-3.000000Z+1.500000|(58,113,206)|1
-0.402 0.2925 0.305 1e+09
1|0.000000X+0.000000Y+-0.750000Z+0.187500|(162,120,99)|1
-0.402 0.2925 0.25 0.305
returning....1

0|-0.000000X+-2.000000Y+-3.000000Z+1.500000|(58,113,206)|1
0.206 0.2925 0.305 1e+09
returning....0
-0.406
-0.401
0.203
1.203

1|0.000000X+0.000000Y+-0.750000Z+0.187500|(162,120,99)|1
-0.406 0.2955 0.25 1e+09
returning....1

0|-0.000000X+-2.000000Y+-3.000000Z+1.500000|(58,113,206)|0
-0.401 0.2955 0.303 1e+09
1|0.000000X+0.000000Y+-0.750000Z+0.187500|(162,120,99)|1
-0.401 0.2955 0.25 0.303
returning....1

0|-0.000000X+-2.000000Y+-3.000000Z+1.500000|(58,113,206)|0
0.203 0.2955 0.303 1e+09
returning....0
-0.4
-0.4
0.2
1.2

0|-0.000000X+-2.000000Y+-3.000000Z+1.500000|(58,113,206)|1
-0.4 0.2985 0.301 1e+09
returning....0

0|-0.000000X+-2.000000Y+-3.000000Z+1.500000|(58,113,206)|1
-0.4 0.2985 0.301 1e+09
1|0.000000X+0.000000Y+-0.750000Z+0.187500|(162,120,99)|1
-0.4 0.2985 0.25 0.301
returning....1

0|-0.000000X+-2.000000Y+-3.000000Z+1.500000|(58,113,206)|1
0.2 0.2985 0.301 1e+09
returning....0
-0.399
-0.394
0.197
1.197

0|-0.000000X+-2.000000Y+-3.000000Z+1.500000|(58,113,206)|0
-0.399 0.3015 0.299 1e+09
returning....0

0|-0.000000X+-2.000000Y+-3.000000Z+1.500000|(58,113,206)|0
-0.394 0.3015 0.299 1e+09
1|0.000000X+0.000000Y+-0.750000Z+0.187500|(162,120,99)|1
-0.394 0.3015 0.25 0.299
returning....1

0|-0.000000X+-2.000000Y+-3.000000Z+1.500000|(58,113,206)|0
0.197 0.3015 0.299 1e+09
returning....0
-0.398
-0.388
0.194
1.194

0|-0.000000X+-2.000000Y+-3.000000Z+1.500000|(58,113,206)|1
-0.398 0.3045 0.297 1e+09
returning....0

0|-0.000000X+-2.000000Y+-3.000000Z+1.500000|(58,113,206)|1
-0.388 0.3045 0.297 1e+09
1|0.000000X+0.000000Y+-0.750000Z+0.187500|(162,120,99)|1
-0.388 0.3045 0.25 0.297
returning....1

0|-0.000000X+-2.000000Y+-3.000000Z+1.500000|(58,113,206)|1
0.194 0.3045 0.297 1e+09
returning....0
-0.397
-0.382
0.191
1.191

0|-0.000000X+-2.000000Y+-3.000000Z+1.500000|(58,113,206)|0
-0.397 0.3075 0.295 1e+09
returning....0

0|-0.000000X+-2.000000Y+-3.000000Z+1.500000|(58,113,206)|0
-0.382 0.3075 0.295 1e+09
1|0.000000X+0.000000Y+-0.750000Z+0.187500|(162,120,99)|1
-0.382 0.3075 0.25 0.295
returning....1

0|-0.000000X+-2.000000Y+-3.000000Z+1.500000|(58,113,206)|0
0.191 0.3075 0.295 1e+09
returning....0
-0.396
-0.376
0.188
1.188

0|-0.000000X+-2.000000Y+-3.000000Z+1.500000|(58,113,206)|1
-0.396 0.3105 0.293 1e+09
returning....0

0|-0.000000X+-2.000000Y+-3.000000Z+1.500000|(58,113,206)|1
-0.376 0.3105 0.293 1e+09
1|0.000000X+0.000000Y+-0.750000Z+0.187500|(162,120,99)|1
-0.376 0.3105 0.25 0.293
returning....1

0|-0.000000X+-2.000000Y+-3.000000Z+1.500000|(58,113,206)|1
0.188 0.3105 0.293 1e+09
returning....0
-0.395
-0.37
0.185
1.185

0|-0.000000X+-2.000000Y+-3.000000Z+1.500000|(58,113,206)|0
-0.395 0.3135 0.291 1e+09
returning....0

0|-0.000000X+-2.000000Y+-3.000000Z+1.500000|(58,113,206)|0
-0.37 0.3135 0.291 1e+09
1|0.000000X+0.000000Y+-0.750000Z+0.187500|(162,120,99)|1
-0.37 0.3135 0.25 0.291
returning....1

0|-0.000000X+-2.000000Y+-3.000000Z+1.500000|(58,113,206)|0
0.185 0.3135 0.291 1e+09
returning....0
-0.394
-0.364
0.182
1.182

0|-0.000000X+-2.000000Y+-3.000000Z+1.500000|(58,113,206)|1
-0.394 0.3165 0.289 1e+09
returning....0

0|-0.000000X+-2.000000Y+-3.000000Z+1.500000|(58,113,206)|1
-0.364 0.3165 0.289 1e+09
1|0.000000X+0.000000Y+-0.750000Z+0.187500|(162,120,99)|1
-0.364 0.3165 0.25 0.289
returning....1

0|-0.000000X+-2.000000Y+-3.000000Z+1.500000|(58,113,206)|1
0.182 0.3165 0.289 1e+09
returning....0
-0.393
-0.358
0.179
1.179

0|-0.000000X+-2.000000Y+-3.000000Z+1.500000|(58,113,206)|0
-0.393 0.3195 0.287 1e+09
returning....0

0|-0.000000X+-2.000000Y+-3.000000Z+1.500000|(58,113,206)|0
-0.358 0.3195 0.287 1e+09
1|0.000000X+0.000000Y+-0.750000Z+0.187500|(162,120,99)|1
-0.358 0.3195 0.25 0.287
returning....1

0|-0.000000X+-2.000000Y+-3.000000Z+1.500000|(58,113,206)|0
0.179 0.3195 0.287 1e+09
returning....0
-0.392
-0.352
0.176
1.176

0|-0.000000X+-2.000000Y+-3.000000Z+1.500000|(58,113,206)|1
-0.392 0.3225 0.285 1e+09
returning....0

0|-0.000000X+-2.000000Y+-3.000000Z+1.500000|(58,113,206)|1
-0.352 0.3225 0.285 1e+09
1|0.000000X+0.000000Y+-0.750000Z+0.187500|(162,120,99)|1
-0.352 0.3225 0.25 0.285
returning....1

0|-0.000000X+-2.000000Y+-3.000000Z+1.500000|(58,113,206)|1
0.176 0.3225 0.285 1e+09
returning....0
-0.391
-0.346
0.173
1.173

0|-0.000000X+-2.000000Y+-3.000000Z+1.500000|(58,113,206)|0
-0.391 0.3255 0.283 1e+09
returning....0

0|-0.000000X+-2.000000Y+-3.000000Z+1.500000|(58,113,206)|0
-0.346 0.3255 0.283 1e+09
1|0.000000X+0.000000Y+-0.750000Z+0.187500|(162,120,99)|1
-0.346 0.3255 0.25 0.283
returning....1

0|-0.000000X+-2.000000Y+-3.000000Z+1.500000|(58,113,206)|0
0.173 0.3255 0.283 1e+09
returning....0
-0.39
-0.34
0.17
1.17

0|-0.000000X+-2.000000Y+-3.000000Z+1.500000|(58,113,206)|1
-0.39 0.3285 0.281 1e+09
returning....0

0|-0.000000X+-2.000000Y+-3.000000Z+1.500000|(58,113,206)|1
-0.34 0.3285 0.281 1e+09
1|0.000000X+0.000000Y+-0.750000Z+0.187500|(162,120,99)|1
-0.34 0.3285 0.25 0.281
returning....1

0|-0.000000X+-2.000000Y+-3.000000Z+1.500000|(58,113,206)|1
0.17 0.3285 0.281 1e+09
returning....0
-0.389
-0.334
0.167
1.167

0|-0.000000X+-2.000000Y+-3.000000Z+1.500000|(58,113,206)|0
-0.389 0.3315 0.279 1e+09
returning....0

0|-0.000000X+-2.000000Y+-3.000000Z+1.500000|(58,113,206)|0
-0.334 0.3315 0.279 1e+09
1|0.000000X+0.000000Y+-0.750000Z+0.187500|(162,120,99)|1
-0.334 0.3315 0.25 0.279
returning....1

0|-0.000000X+-2.000000Y+-3.000000Z+1.500000|(58,113,206)|0
0.167 0.3315 0.279 1e+09
returning....0
-0.388
-0.328
0.164
1.164

0|-0.000000X+-2.000000Y+-3.000000Z+1.500000|(58,113,206)|1
-0.388 0.3345 0.277 1e+09
returning....0

0|-0.000000X+-2.000000Y+-3.000000Z+1.500000|(58,113,206)|1
-0.328 0.3345 0.277 1e+09
1|0.000000X+0.000000Y+-0.750000Z+0.187500|(162,120,99)|1
-0.328 0.3345 0.25 0.277
returning....1

0|-0.000000X+-2.000000Y+-3.000000Z+1.500000|(58,113,206)|1
0.164 0.3345 0.277 1e+09
returning....0
-0.387
-0.322
0.161
1.161

0|-0.000000X+-2.000000Y+-3.000000Z+1.500000|(58,113,206)|0
-0.387 0.3375 0.275 1e+09
returning....0

0|-0.000000X+-2.000000Y+-3.000000Z+1.500000|(58,113,206)|0
-0.322 0.3375 0.275 1e+09
1|0.000000X+0.000000Y+-0.750000Z+0.187500|(162,120,99)|1
-0.322 0.3375 0.25 0.275
returning....1

0|-0.000000X+-2.000000Y+-3.000000Z+1.500000|(58,113,206)|0
0.161 0.3375 0.275 1e+09
returning....0
-0.386
-0.316
0.158
1.158

0|-0.000000X+-2.000000Y+-3.000000Z+1.500000|(58,113,206)|1
-0.386 0.3405 0.273 1e+09
returning....0

0|-0.000000X+-2.000000Y+-3.000000Z+1.500000|(58,113,206)|1
-0.316 0.3405 0.273 1e+09
1|0.000000X+0.000000Y+-0.750000Z+0.187500|(162,120,99)|1
-0.316 0.3405 0.25 0.273
returning....1

0|-0.000000X+-2.000000Y+-3.000000Z+1.500000|(58,113,206)|1
0.158 0.3405 0.273 1e+09
returning....0
-0.385
-0.31
0.155
1.155

0|-0.000000X+-2.000000Y+-3.000000Z+1.500000|(58,113,206)|0
-0.385 0.3435 0.271 1e+09
returning....0

0|-0.000000X+-2.000000Y+-3.000000Z+1.500000|(58,113,206)|0
-0.31 0.3435 0.271 1e+09
1|0.000000X+0.000000Y+-0.750000Z+0.187500|(162,120,99)|1
-0.31 0.3435 0.25 0.271
returning....1

0|-0.000000X+-2.000000Y+-3.000000Z+1.500000|(58,113,206)|0
0.155 0.3435 0.271 1e+09
returning....0
-0.384
-0.304
0.152
1.152

0|-0.000000X+-2.000000Y+-3.000000Z+1.500000|(58,113,206)|1
-0.384 0.3465 0.269 1e+09
returning....0

0|-0.000000X+-2.000000Y+-3.000000Z+1.500000|(58,113,206)|1
-0.304 0.3465 0.269 1e+09
1|0.000000X+0.000000Y+-0.750000Z+0.187500|(162,120,99)|1
-0.304 0.3465 0.25 0.269
returning....1

0|-0.000000X+-2.000000Y+-3.000000Z+1.500000|(58,113,206)|1
0.152 0.3465 0.269 1e+09
returning....0
-0.383
-0.298
0.149
1.149

0|-0.000000X+-2.000000Y+-3.000000Z+1.500000|(58,113,206)|0
-0.383 0.3495 0.267 1e+09
returning....0

0|-0.000000X+-2.000000Y+-3.000000Z+1.500000|(58,113,206)|0
-0.298 0.3495 0.267 1e+09
1|0.000000X+0.000000Y+-0.750000Z+0.187500|(162,120,99)|1
-0.298 0.3495 0.25 0.267
returning....1

0|-0.000000X+-2.000000Y+-3.000000Z+1.500000|(58,113,206)|0
0.149 0.3495 0.267 1e+09
returning....0
-0.382
-0.292
0.146
1.146

0|-0.000000X+-2.000000Y+-3.000000Z+1.500000|(58,113,206)|1
-0.382 0.3525 0.265 1e+09
returning....0

0|-0.000000X+-2.000000Y+-3.000000Z+1.500000|(58,113,206)|1
-0.292 0.3525 0.265 1e+09
1|0.000000X+0.000000Y+-0.750000Z+0.187500|(162,120,99)|1
-0.292 0.3525 0.25 0.265
returning....1

0|-0.000000X+-2.000000Y+-3.000000Z+1.500000|(58,113,206)|1
0.146 0.3525 0.265 1e+09
returning....0
-0.381
-0.286
0.143
1.143

0|-0.000000X+-2.000000Y+-3.000000Z+1.500000|(58,113,206)|0
-0.381 0.3555 0.263 1e+09
returning....0

0|-0.000000X+-2.000000Y+-3.000000Z+1.500000|(58,113,206)|0
-0.286 0.3555 0.263 1e+09
1|0.000000X+0.000000Y+-0.750000Z+0.187500|(162,120,99)|1
-0.286 0.3555 0.25 0.263
returning....1

0|-0.000000X+-2.000000Y+-3.000000Z+1.500000|(58,113,206)|0
0.143 0.3555 0.263 1e+09
returning....0
-0.38
-0.28
0.14
1.14

0|-0.000000X+-2.000000Y+-3.000000Z+1.500000|(58,113,206)|1
-0.38 0.3585 0.261 1e+09
returning....0

0|-0.000000X+-2.000000Y+-3.000000Z+1.500000|(58,113,206)|1
-0.28 0.3585 0.261 1e+09
1|0.000000X+0.000000Y+-0.750000Z+0.187500|(162,120,99)|1
-0.28 0.3585 0.25 0.261
returning....1

0|-0.000000X+-2.000000Y+-3.000000Z+1.500000|(58,113,206)|1
0.14 0.3585 0.261 1e+09
returning....0
-0.379
-0.274
0.137
1.137

0|-0.000000X+-2.000000Y+-3.000000Z+1.500000|(58,113,206)|0
-0.379 0.3615 0.259 1e+09
returning....0

0|-0.000000X+-2.000000Y+-3.000000Z+1.500000|(58,113,206)|0
-0.274 0.3615 0.259 1e+09
1|0.000000X+0.000000Y+-0.750000Z+0.187500|(162,120,99)|1
-0.274 0.3615 0.25 0.259
returning....1

0|-0.000000X+-2.000000Y+-3.000000Z+1.500000|(58,113,206)|0
0.137 0.3615 0.259 1e+09
returning....0
-0.378
-0.268
0.134
1.134

0|-0.000000X+-2.000000Y+-3.000000Z+1.500000|(58,113,206)|1
-0.378 0.3645 0.257 1e+09
returning....0

0|-0.000000X+-2.000000Y+-3.000000Z+1.500000|(58,113,206)|1
-0.268 0.3645 0.257 1e+09
1|0.000000X+0.000000Y+-0.750000Z+0.187500|(162,120,99)|1
-0.268 0.3645 0.25 0.257
returning....1

0|-0.000000X+-2.000000Y+-3.000000Z+1.500000|(58,113,206)|1
0.134 0.3645 0.257 1e+09
returning....0
-0.377
-0.262
0.131
1.131

0|-0.000000X+-2.000000Y+-3.000000Z+1.500000|(58,113,206)|0
-0.377 0.3675 0.255 1e+09
returning....0

0|-0.000000X+-2.000000Y+-3.000000Z+1.500000|(58,113,206)|0
-0.262 0.3675 0.255 1e+09
1|0.000000X+0.000000Y+-0.750000Z+0.187500|(162,120,99)|1
-0.262 0.3675 0.25 0.255
returning....1

0|-0.000000X+-2.000000Y+-3.000000Z+1.500000|(58,113,206)|0
0.131 0.3675 0.255 1e+09
returning....0
-0.376
-0.256
0.128
1.128

0|-0.000000X+-2.000000Y+-3.000000Z+1.500000|(58,113,206)|1
-0.376 0.3705 0.253 1e+09
returning....0

0|-0.000000X+-2.000000Y+-3.000000Z+1.500000|(58,113,206)|1
-0.256 0.3705 0.253 1e+09
1|0.000000X+0.000000Y+-0.750000Z+0.187500|(162,120,99)|1
-0.256 0.3705 0.25 0.253
returning....1

0|-0.000000X+-2.000000Y+-3.000000Z+1.500000|(58,113,206)|1
0.128 0.3705 0.253 1e+09
returning....0
-0.375
-0.25
0.125
1.125

0|-0.000000X+-2.000000Y+-3.000000Z+1.500000|(58,113,206)|0
-0.375 0.3735 0.251 1e+09
returning....0

0|-0.000000X+-2.000000Y+-3.000000Z+1.500000|(58,113,206)|0
-0.25 0.3735 0.251 1e+09
1|0.000000X+0.000000Y+-0.750000Z+0.187500|(162,120,99)|1
-0.25 0.3735 0.25 0.251
returning....1

0|-0.000000X+-2.000000Y+-3.000000Z+1.500000|(58,113,206)|0
0.125 0.3735 0.251 1e+09
returning....0
-0.374
-0.244
0.122
1.122

0|-0.000000X+-2.000000Y+-3.000000Z+1.500000|(58,113,206)|1
-0.374 0.3765 0.249 1e+09
returning....0

0|-0.000000X+-2.000000Y+-3.000000Z+1.500000|(58,113,206)|1
-0.244 0.3765 0.249 1e+09
1|0.000000X+0.000000Y+-0.750000Z+0.187500|(162,120,99)|1
-0.244 0.3765 0.25 0.249
returning....0

0|-0.000000X+-2.000000Y+-3.000000Z+1.500000|(58,113,206)|1
0.122 0.3765 0.249 1e+09
returning....0
-0.373
-0.238
0.119
1.119

0|-0.000000X+-2.000000Y+-3.000000Z+1.500000|(58,113,206)|0
-0.373 0.3795 0.247 1e+09
returning....0

0|-0.000000X+-2.000000Y+-3.000000Z+1.500000|(58,113,206)|0
-0.238 0.3795 0.247 1e+09
1|0.000000X+0.000000Y+-0.750000Z+0.187500|(162,120,99)|1
-0.238 0.3795 0.25 0.247
returning....0

0|-0.000000X+-2.000000Y+-3.000000Z+1.500000|(58,113,206)|0
0.119 0.3795 0.247 1e+09
returning....0
-0.372
-0.232
0.116
1.116

0|-0.000000X+-2.000000Y+-3.000000Z+1.500000|(58,113,206)|1
-0.372 0.3825 0.245 1e+09
returning....0

0|-0.000000X+-2.000000Y+-3.000000Z+1.500000|(58,113,206)|1
-0.232 0.3825 0.245 1e+09
1|0.000000X+0.000000Y+-0.750000Z+0.187500|(162,120,99)|1
-0.232 0.3825 0.25 0.245
returning....0

0|-0.000000X+-2.000000Y+-3.000000Z+1.500000|(58,113,206)|1
0.116 0.3825 0.245 1e+09
returning....0
-0.371
-0.226
0.113
1.113

0|-0.000000X+-2.000000Y+-3.000000Z+1.500000|(58,113,206)|0
-0.371 0.3855 0.243 1e+09
returning....0

0|-0.000000X+-2.000000Y+-3.000000Z+1.500000|(58,113,206)|0
-0.226 0.3855 0.243 1e+09
1|0.000000X+0.000000Y+-0.750000Z+0.187500|(162,120,99)|1
-0.226 0.3855 0.25 0.243
returning....0

0|-0.000000X+-2.000000Y+-3.000000Z+1.500000|(58,113,206)|0
0.113 0.3855 0.243 1e+09
returning....0
-0.37
-0.22
0.11
1.11

0|-0.000000X+-2.000000Y+-3.000000Z+1.500000|(58,113,206)|1
-0.37 0.3885 0.241 1e+09
returning....0

0|-0.000000X+-2.000000Y+-3.000000Z+1.500000|(58,113,206)|1
-0.22 0.3885 0.241 1e+09
1|0.000000X+0.000000Y+-0.750000Z+0.187500|(162,120,99)|1
-0.22 0.3885 0.25 0.241
returning....0

0|-0.000000X+-2.000000Y+-3.000000Z+1.500000|(58,113,206)|1
0.11 0.3885 0.241 1e+09
returning....0
-0.369
-0.214
0.107
1.107

0|-0.000000X+-2.000000Y+-3.000000Z+1.500000|(58,113,206)|0
-0.369 0.3915 0.239 1e+09
returning....0

0|-0.000000X+-2.000000Y+-3.000000Z+1.500000|(58,113,206)|0
-0.214 0.3915 0.239 1e+09
1|0.000000X+0.000000Y+-0.750000Z+0.187500|(162,120,99)|1
-0.214 0.3915 0.25 0.239
returning....0

0|-0.000000X+-2.000000Y+-3.000000Z+1.500000|(58,113,206)|0
0.107 0.3915 0.239 1e+09
returning....0
-0.368
-0.208
0.104
1.104

0|-0.000000X+-2.000000Y+-3.000000Z+1.500000|(58,113,206)|1
-0.368 0.3945 0.237 1e+09
returning....0

0|-0.000000X+-2.000000Y+-3.000000Z+1.500000|(58,113,206)|1
-0.208 0.3945 0.237 1e+09
1|0.000000X+0.000000Y+-0.750000Z+0.187500|(162,120,99)|1
-0.208 0.3945 0.25 0.237
returning....0

0|-0.000000X+-2.000000Y+-3.000000Z+1.500000|(58,113,206)|1
0.104 0.3945 0.237 1e+09
returning....0
-0.367
-0.202
0.101
1.101

0|-0.000000X+-2.000000Y+-3.000000Z+1.500000|(58,113,206)|0
-0.367 0.3975 0.235 1e+09
returning....0

0|-0.000000X+-2.000000Y+-3.000000Z+1.500000|(58,113,206)|0
-0.202 0.3975 0.235 1e+09
1|0.000000X+0.000000Y+-0.750000Z+0.187500|(162,120,99)|1
-0.202 0.3975 0.25 0.235
returning....0

0|-0.000000X+-2.000000Y+-3.000000Z+1.500000|(58,113,206)|0
0.101 0.3975 0.235 1e+09
returning....0
-0.366
-0.196
0.098
1.098

0|-0.000000X+-2.000000Y+-3.000000Z+1.500000|(58,113,206)|1
-0.366 0.4005 0.233 1e+09
returning....0

0|-0.000000X+-2.000000Y+-3.000000Z+1.500000|(58,113,206)|1
-0.196 0.4005 0.233 1e+09
1|0.000000X+0.000000Y+-0.750000Z+0.187500|(162,120,99)|1
-0.196 0.4005 0.25 0.233
returning....0

0|-0.000000X+-2.000000Y+-3.000000Z+1.500000|(58,113,206)|1
0.098 0.4005 0.233 1e+09
returning....0
-0.365
-0.19
0.095
1.095

0|-0.000000X+-2.000000Y+-3.000000Z+1.500000|(58,113,206)|0
-0.365 0.4035 0.231 1e+09
returning....0

0|-0.000000X+-2.000000Y+-3.000000Z+1.500000|(58,113,206)|0
-0.19 0.4035 0.231 1e+09
1|0.000000X+0.000000Y+-0.750000Z+0.187500|(162,120,99)|1
-0.19 0.4035 0.25 0.231
returning....0

0|-0.000000X+-2.000000Y+-3.000000Z+1.500000|(58,113,206)|0
0.095 0.4035 0.231 1e+09
returning....0
-0.364
-0.184
0.092
1.092

0|-0.000000X+-2.000000Y+-3.000000Z+1.500000|(58,113,206)|1
-0.364 0.4065 0.229 1e+09
returning....0

0|-0.000000X+-2.000000Y+-3.000000Z+1.500000|(58,113,206)|1
-0.184 0.4065 0.229 1e+09
1|0.000000X+0.000000Y+-0.750000Z+0.187500|(162,120,99)|1
-0.184 0.4065 0.25 0.229
returning....0

0|-0.000000X+-2.000000Y+-3.000000Z+1.500000|(58,113,206)|1
0.092 0.4065 0.229 1e+09
returning....0
-0.363
-0.178
0.089
1.089

0|-0.000000X+-2.000000Y+-3.000000Z+1.500000|(58,113,206)|0
-0.363 0.4095 0.227 1e+09
returning....0

0|-0.000000X+-2.000000Y+-3.000000Z+1.500000|(58,113,206)|0
-0.178 0.4095 0.227 1e+09
1|0.000000X+0.000000Y+-0.750000Z+0.187500|(162,120,99)|1
-0.178 0.4095 0.25 0.227
returning....0

0|-0.000000X+-2.000000Y+-3.000000Z+1.500000|(58,113,206)|0
0.089 0.4095 0.227 1e+09
returning....0
-0.362
-0.172
0.086
1.086

0|-0.000000X+-2.000000Y+-3.000000Z+1.500000|(58,113,206)|1
-0.362 0.4125 0.225 1e+09
returning....0

0|-0.000000X+-2.000000Y+-3.000000Z+1.500000|(58,113,206)|1
-0.172 0.4125 0.225 1e+09
1|0.000000X+0.000000Y+-0.750000Z+0.187500|(162,120,99)|1
-0.172 0.4125 0.25 0.225
returning....0

0|-0.000000X+-2.000000Y+-3.000000Z+1.500000|(58,113,206)|1
0.086 0.4125 0.225 1e+09
returning....0
-0.361
-0.166
0.083
1.083

0|-0.000000X+-2.000000Y+-3.000000Z+1.500000|(58,113,206)|0
-0.361 0.4155 0.223 1e+09
returning....0

0|-0.000000X+-2.000000Y+-3.000000Z+1.500000|(58,113,206)|0
-0.166 0.4155 0.223 1e+09
1|0.000000X+0.000000Y+-0.750000Z+0.187500|(162,120,99)|1
-0.166 0.4155 0.25 0.223
returning....0

0|-0.000000X+-2.000000Y+-3.000000Z+1.500000|(58,113,206)|0
0.083 0.4155 0.223 1e+09
returning....0
-0.36
-0.16
0.08
1.08

0|-0.000000X+-2.000000Y+-3.000000Z+1.500000|(58,113,206)|1
-0.36 0.4185 0.221 1e+09
returning....0

0|-0.000000X+-2.000000Y+-3.000000Z+1.500000|(58,113,206)|1
-0.16 0.4185 0.221 1e+09
1|0.000000X+0.000000Y+-0.750000Z+0.187500|(162,120,99)|1
-0.16 0.4185 0.25 0.221
returning....0

0|-0.000000X+-2.000000Y+-3.000000Z+1.500000|(58,113,206)|1
0.08 0.4185 0.221 1e+09
returning....0
-0.359
-0.154
0.077
1.077

0|-0.000000X+-2.000000Y+-3.000000Z+1.500000|(58,113,206)|0
-0.359 0.4215 0.219 1e+09
returning....0

0|-0.000000X+-2.000000Y+-3.000000Z+1.500000|(58,113,206)|0
-0.154 0.4215 0.219 1e+09
1|0.000000X+0.000000Y+-0.750000Z+0.187500|(162,120,99)|1
-0.154 0.4215 0.25 0.219
returning....0

0|-0.000000X+-2.000000Y+-3.000000Z+1.500000|(58,113,206)|0
0.077 0.4215 0.219 1e+09
returning....0
-0.358
-0.148
0.074
1.074

0|-0.000000X+-2.000000Y+-3.000000Z+1.500000|(58,113,206)|1
-0.358 0.4245 0.217 1e+09
returning....0

0|-0.000000X+-2.000000Y+-3.000000Z+1.500000|(58,113,206)|1
-0.148 0.4245 0.217 1e+09
1|0.000000X+0.000000Y+-0.750000Z+0.187500|(162,120,99)|1
-0.148 0.4245 0.25 0.217
returning....0

0|-0.000000X+-2.000000Y+-3.000000Z+1.500000|(58,113,206)|1
0.074 0.4245 0.217 1e+09
returning....0
-0.357
-0.142
0.071
1.071

0|-0.000000X+-2.000000Y+-3.000000Z+1.500000|(58,113,206)|0
-0.357 0.4275 0.215 1e+09
returning....0

0|-0.000000X+-2.000000Y+-3.000000Z+1.500000|(58,113,206)|0
-0.142 0.4275 0.215 1e+09
1|0.000000X+0.000000Y+-0.750000Z+0.187500|(162,120,99)|1
-0.142 0.4275 0.25 0.215
returning....0

0|-0.000000X+-2.000000Y+-3.000000Z+1.500000|(58,113,206)|0
0.071 0.4275 0.215 1e+09
returning....0
-0.356
-0.136
0.068
1.068

0|-0.000000X+-2.000000Y+-3.000000Z+1.500000|(58,113,206)|1
-0.356 0.4305 0.213 1e+09
returning....0

0|-0.000000X+-2.000000Y+-3.000000Z+1.500000|(58,113,206)|1
-0.136 0.4305 0.213 1e+09
1|0.000000X+0.000000Y+-0.750000Z+0.187500|(162,120,99)|1
-0.136 0.4305 0.25 0.213
returning....0

0|-0.000000X+-2.000000Y+-3.000000Z+1.500000|(58,113,206)|1
0.068 0.4305 0.213 1e+09
returning....0
-0.355
-0.13
0.065
1.065

0|-0.000000X+-2.000000Y+-3.000000Z+1.500000|(58,113,206)|0
-0.355 0.4335 0.211 1e+09
returning....0

0|-0.000000X+-2.000000Y+-3.000000Z+1.500000|(58,113,206)|0
-0.13 0.4335 0.211 1e+09
1|0.000000X+0.000000Y+-0.750000Z+0.187500|(162,120,99)|1
-0.13 0.4335 0.25 0.211
returning....0

0|-0.000000X+-2.000000Y+-3.000000Z+1.500000|(58,113,206)|0
0.065 0.4335 0.211 1e+09
returning....0
-0.354
-0.124
0.062
1.062

0|-0.000000X+-2.000000Y+-3.000000Z+1.500000|(58,113,206)|1
-0.354 0.4365 0.209 1e+09
returning....0

0|-0.000000X+-2.000000Y+-3.000000Z+1.500000|(58,113,206)|1
-0.124 0.4365 0.209 1e+09
1|0.000000X+0.000000Y+-0.750000Z+0.187500|(162,120,99)|1
-0.124 0.4365 0.25 0.209
returning....0

0|-0.000000X+-2.000000Y+-3.000000Z+1.500000|(58,113,206)|1
0.062 0.4365 0.209 1e+09
returning....0
-0.353
-0.118
0.059
1.059

0|-0.000000X+-2.000000Y+-3.000000Z+1.500000|(58,113,206)|0
-0.353 0.4395 0.207 1e+09
returning....0

0|-0.000000X+-2.000000Y+-3.000000Z+1.500000|(58,113,206)|0
-0.118 0.4395 0.207 1e+09
1|0.000000X+0.000000Y+-0.750000Z+0.187500|(162,120,99)|1
-0.118 0.4395 0.25 0.207
returning....0

0|-0.000000X+-2.000000Y+-3.000000Z+1.500000|(58,113,206)|0
0.059 0.4395 0.207 1e+09
returning....0
-0.352
-0.112
0.056
1.056

0|-0.000000X+-2.000000Y+-3.000000Z+1.500000|(58,113,206)|1
-0.352 0.4425 0.205 1e+09
returning....0

0|-0.000000X+-2.000000Y+-3.000000Z+1.500000|(58,113,206)|1
-0.112 0.4425 0.205 1e+09
1|0.000000X+0.000000Y+-0.750000Z+0.187500|(162,120,99)|1
-0.112 0.4425 0.25 0.205
returning....0

0|-0.000000X+-2.000000Y+-3.000000Z+1.500000|(58,113,206)|1
0.056 0.4425 0.205 1e+09
returning....0
-0.351
-0.106
0.053
1.053

0|-0.000000X+-2.000000Y+-3.000000Z+1.500000|(58,113,206)|0
-0.351 0.4455 0.203 1e+09
returning....0

0|-0.000000X+-2.000000Y+-3.000000Z+1.500000|(58,113,206)|0
-0.106 0.4455 0.203 1e+09
1|0.000000X+0.000000Y+-0.750000Z+0.187500|(162,120,99)|1
-0.106 0.4455 0.25 0.203
returning....0

0|-0.000000X+-2.000000Y+-3.000000Z+1.500000|(58,113,206)|0
0.053 0.4455 0.203 1e+09
returning....0
-0.35
-0.1
0.05
1.05

0|-0.000000X+-2.000000Y+-3.000000Z+1.500000|(58,113,206)|1
-0.35 0.4485 0.201 1e+09
returning....0

0|-0.000000X+-2.000000Y+-3.000000Z+1.500000|(58,113,206)|1
-0.1 0.4485 0.201 1e+09
1|0.000000X+0.000000Y+-0.750000Z+0.187500|(162,120,99)|1
-0.1 0.4485 0.25 0.201
returning....0

0|-0.000000X+-2.000000Y+-3.000000Z+1.500000|(58,113,206)|1
0.05 0.4485 0.201 1e+09
returning....0
-0.349
-0.094
0.047
1.047

0|-0.000000X+-2.000000Y+-3.000000Z+1.500000|(58,113,206)|0
-0.349 0.4515 0.199 1e+09
returning....0

0|-0.000000X+-2.000000Y+-3.000000Z+1.500000|(58,113,206)|0
-0.094 0.4515 0.199 1e+09
1|0.000000X+0.000000Y+-0.750000Z+0.187500|(162,120,99)|1
-0.094 0.4515 0.25 0.199
returning....0

0|-0.000000X+-2.000000Y+-3.000000Z+1.500000|(58,113,206)|0
0.047 0.4515 0.199 1e+09
returning....0
-0.348
-0.088
0.044
1.044

0|-0.000000X+-2.000000Y+-3.000000Z+1.500000|(58,113,206)|1
-0.348 0.4545 0.197 1e+09
returning....0

0|-0.000000X+-2.000000Y+-3.000000Z+1.500000|(58,113,206)|1
-0.088 0.4545 0.197 1e+09
1|0.000000X+0.000000Y+-0.750000Z+0.187500|(162,120,99)|1
-0.088 0.4545 0.25 0.197
returning....0

0|-0.000000X+-2.000000Y+-3.000000Z+1.500000|(58,113,206)|1
0.044 0.4545 0.197 1e+09
returning....0
-0.347
-0.082
0.041
1.041

0|-0.000000X+-2.000000Y+-3.000000Z+1.500000|(58,113,206)|0
-0.347 0.4575 0.195 1e+09
returning....0

0|-0.000000X+-2.000000Y+-3.000000Z+1.500000|(58,113,206)|0
-0.082 0.4575 0.195 1e+09
1|0.000000X+0.000000Y+-0.750000Z+0.187500|(162,120,99)|1
-0.082 0.4575 0.25 0.195
returning....0

0|-0.000000X+-2.000000Y+-3.000000Z+1.500000|(58,113,206)|0
0.041 0.4575 0.195 1e+09
returning....0
-0.346
-0.076
0.038
1.038

0|-0.000000X+-2.000000Y+-3.000000Z+1.500000|(58,113,206)|1
-0.346 0.4605 0.193 1e+09
returning....0

0|-0.000000X+-2.000000Y+-3.000000Z+1.500000|(58,113,206)|1
-0.076 0.4605 0.193 1e+09
1|0.000000X+0.000000Y+-0.750000Z+0.187500|(162,120,99)|1
-0.076 0.4605 0.25 0.193
returning....0

0|-0.000000X+-2.000000Y+-3.000000Z+1.500000|(58,113,206)|1
0.038 0.4605 0.193 1e+09
returning....0
-0.345
-0.07
0.035
1.035

0|-0.000000X+-2.000000Y+-3.000000Z+1.500000|(58,113,206)|0
-0.345 0.4635 0.191 1e+09
returning....0

0|-0.000000X+-2.000000Y+-3.000000Z+1.500000|(58,113,206)|0
-0.07 0.4635 0.191 1e+09
1|0.000000X+0.000000Y+-0.750000Z+0.187500|(162,120,99)|1
-0.07 0.4635 0.25 0.191
returning....0

0|-0.000000X+-2.000000Y+-3.000000Z+1.500000|(58,113,206)|0
0.035 0.4635 0.191 1e+09
returning....0
-0.344
-0.064
0.032
1.032

0|-0.000000X+-2.000000Y+-3.000000Z+1.500000|(58,113,206)|1
-0.344 0.4665 0.189 1e+09
returning....0

0|-0.000000X+-2.000000Y+-3.000000Z+1.500000|(58,113,206)|1
-0.064 0.4665 0.189 1e+09
1|0.000000X+0.000000Y+-0.750000Z+0.187500|(162,120,99)|1
-0.064 0.4665 0.25 0.189
returning....0

0|-0.000000X+-2.000000Y+-3.000000Z+1.500000|(58,113,206)|1
0.032 0.4665 0.189 1e+09
returning....0
-0.343
-0.058
0.029
1.029

0|-0.000000X+-2.000000Y+-3.000000Z+1.500000|(58,113,206)|0
-0.343 0.4695 0.187 1e+09
returning....0

0|-0.000000X+-2.000000Y+-3.000000Z+1.500000|(58,113,206)|0
-0.058 0.4695 0.187 1e+09
1|0.000000X+0.000000Y+-0.750000Z+0.187500|(162,120,99)|1
-0.058 0.4695 0.25 0.187
returning....0

0|-0.000000X+-2.000000Y+-3.000000Z+1.500000|(58,113,206)|0
0.029 0.4695 0.187 1e+09
returning....0
-0.342
-0.052
0.026
1.026

0|-0.000000X+-2.000000Y+-3.000000Z+1.500000|(58,113,206)|1
-0.342 0.4725 0.185 1e+09
returning....0

0|-0.000000X+-2.000000Y+-3.000000Z+1.500000|(58,113,206)|1
-0.052 0.4725 0.185 1e+09
1|0.000000X+0.000000Y+-0.750000Z+0.187500|(162,120,99)|1
-0.052 0.4725 0.25 0.185
returning....0

0|-0.000000X+-2.000000Y+-3.000000Z+1.500000|(58,113,206)|1
0.026 0.4725 0.185 1e+09
returning....0
-0.341
-0.046
0.023
1.023

0|-0.000000X+-2.000000Y+-3.000000Z+1.500000|(58,113,206)|0
-0.341 0.4755 0.183 1e+09
returning....0

0|-0.000000X+-2.000000Y+-3.000000Z+1.500000|(58,113,206)|0
-0.046 0.4755 0.183 1e+09
1|0.000000X+0.000000Y+-0.750000Z+0.187500|(162,120,99)|1
-0.046 0.4755 0.25 0.183
returning....0

0|-0.000000X+-2.000000Y+-3.000000Z+1.500000|(58,113,206)|0
0.023 0.4755 0.183 1e+09
returning....0
-0.34
-0.04
0.02
1.02

0|-0.000000X+-2.000000Y+-3.000000Z+1.500000|(58,113,206)|1
-0.34 0.4785 0.181 1e+09
returning....0

0|-0.000000X+-2.000000Y+-3.000000Z+1.500000|(58,113,206)|1
-0.04 0.4785 0.181 1e+09
1|0.000000X+0.000000Y+-0.750000Z+0.187500|(162,120,99)|1
-0.04 0.4785 0.25 0.181
returning....0

0|-0.000000X+-2.000000Y+-3.000000Z+1.500000|(58,113,206)|1
0.02 0.4785 0.181 1e+09
returning....0
-0.339
-0.034
0.017
1.017

0|-0.000000X+-2.000000Y+-3.000000Z+1.500000|(58,113,206)|0
-0.339 0.4815 0.179 1e+09
returning....0

0|-0.000000X+-2.000000Y+-3.000000Z+1.500000|(58,113,206)|0
-0.034 0.4815 0.179 1e+09
1|0.000000X+0.000000Y+-0.750000Z+0.187500|(162,120,99)|1
-0.034 0.4815 0.25 0.179
returning....0

0|-0.000000X+-2.000000Y+-3.000000Z+1.500000|(58,113,206)|0
0.017 0.4815 0.179 1e+09
returning....0
-0.338
-0.028
0.014
1.014

0|-0.000000X+-2.000000Y+-3.000000Z+1.500000|(58,113,206)|1
-0.338 0.4845 0.177 1e+09
returning....0

0|-0.000000X+-2.000000Y+-3.000000Z+1.500000|(58,113,206)|1
-0.028 0.4845 0.177 1e+09
1|0.000000X+0.000000Y+-0.750000Z+0.187500|(162,120,99)|1
-0.028 0.4845 0.25 0.177
returning....0

0|-0.000000X+-2.000000Y+-3.000000Z+1.500000|(58,113,206)|1
0.014 0.4845 0.177 1e+09
returning....0
-0.337
-0.022
0.011
1.011

0|-0.000000X+-2.000000Y+-3.000000Z+1.500000|(58,113,206)|0
-0.337 0.4875 0.175 1e+09
returning....0

0|-0.000000X+-2.000000Y+-3.000000Z+1.500000|(58,113,206)|0
-0.022 0.4875 0.175 1e+09
1|0.000000X+0.000000Y+-0.750000Z+0.187500|(162,120,99)|1
-0.022 0.4875 0.25 0.175
returning....0

0|-0.000000X+-2.000000Y+-3.000000Z+1.500000|(58,113,206)|0
0.011 0.4875 0.175 1e+09
returning....0
-0.336
-0.016
0.008
1.008

0|-0.000000X+-2.000000Y+-3.000000Z+1.500000|(58,113,206)|1
-0.336 0.4905 0.173 1e+09
returning....0

0|-0.000000X+-2.000000Y+-3.000000Z+1.500000|(58,113,206)|1
-0.016 0.4905 0.173 1e+09
1|0.000000X+0.000000Y+-0.750000Z+0.187500|(162,120,99)|1
-0.016 0.4905 0.25 0.173
returning....0

0|-0.000000X+-2.000000Y+-3.000000Z+1.500000|(58,113,206)|1
0.008 0.4905 0.173 1e+09
returning....0
-0.335
-0.01
0.005
1.005

0|-0.000000X+-2.000000Y+-3.000000Z+1.500000|(58,113,206)|0
-0.335 0.4935 0.171 1e+09
returning....0

0|-0.000000X+-2.000000Y+-3.000000Z+1.500000|(58,113,206)|0
-0.01 0.4935 0.171 1e+09
1|0.000000X+0.000000Y+-0.750000Z+0.187500|(162,120,99)|1
-0.01 0.4935 0.25 0.171
returning....0

0|-0.000000X+-2.000000Y+-3.000000Z+1.500000|(58,113,206)|0
0.005 0.4935 0.171 1e+09
returning....0
-0.334
-0.004
0.002
1.002

0|-0.000000X+-2.000000Y+-3.000000Z+1.500000|(58,113,206)|1
-0.334 0.4965 0.169 1e+09
returning....0

0|-0.000000X+-2.000000Y+-3.000000Z+1.500000|(58,113,206)|1
-0.004 0.4965 0.169 1e+09
1|0.000000X+0.000000Y+-0.750000Z+0.187500|(162,120,99)|1
-0.004 0.4965 0.25 0.169
returning....0

0|-0.000000X+-2.000000Y+-3.000000Z+1.500000|(58,113,206)|1
0.002 0.4965 0.169 1e+09
returning....0
-0.333
0.002
-0.001
0.999

0|-0.000000X+-2.000000Y+-3.000000Z+1.500000|(58,113,206)|0
-0.333 0.4995 0.167 1e+09
returning....0

0|-0.000000X+-2.000000Y+-3.000000Z+1.500000|(58,113,206)|0
-0.001 0.4995 0.167 1e+09
1|0.000000X+0.000000Y+-0.750000Z+0.187500|(162,120,99)|1
-0.001 0.4995 0.25 0.167
returning....0

0|-0.000000X+-2.000000Y+-3.000000Z+1.500000|(58,113,206)|0
0.002 0.4995 0.167 1e+09
returning....0
-0.332
0.996

0|-0.000000X+-2.000000Y+-3.000000Z+1.500000|(58,113,206)|1
-0.332 0.5025 0.165 1e+09
returning....0
-0.331
0.993

0|-0.000000X+-2.000000Y+-3.000000Z+1.500000|(58,113,206)|0
-0.331 0.5055 0.163 1e+09
returning....0
-0.33
0.99

0|-0.000000X+-2.000000Y+-3.000000Z+1.500000|(58,113,206)|1
-0.33 0.5085 0.161 1e+09
returning....0
-0.329
0.987

0|-0.000000X+-2.000000Y+-3.000000Z+1.500000|(58,113,206)|0
-0.329 0.5115 0.159 1e+09
returning....0
-0.328
0.984

0|-0.000000X+-2.000000Y+-3.000000Z+1.500000|(58,113,206)|1
-0.328 0.5145 0.157 1e+09
returning....0
-0.327
0.981

0|-0.000000X+-2.000000Y+-3.000000Z+1.500000|(58,113,206)|0
-0.327 0.5175 0.155 1e+09
returning....0
-0.326
0.978

0|-0.000000X+-2.000000Y+-3.000000Z+1.500000|(58,113,206)|1
-0.326 0.5205 0.153 1e+09
returning....0
-0.325
0.975

0|-0.000000X+-2.000000Y+-3.000000Z+1.500000|(58,113,206)|0
-0.325 0.5235 0.151 1e+09
returning....0
-0.324
0.972

0|-0.000000X+-2.000000Y+-3.000000Z+1.500000|(58,113,206)|1
-0.324 0.5265 0.149 1e+09
returning....0
-0.323
0.969

0|-0.000000X+-2.000000Y+-3.000000Z+1.500000|(58,113,206)|0
-0.323 0.5295 0.147 1e+09
returning....0
-0.322
0.966

0|-0.000000X+-2.000000Y+-3.000000Z+1.500000|(58,113,206)|1
-0.322 0.5325 0.145 1e+09
returning....0
-0.321
0.963

0|-0.000000X+-2.000000Y+-3.000000Z+1.500000|(58,113,206)|0
-0.321 0.5355 0.143 1e+09
returning....0
-0.32
0.96

0|-0.000000X+-2.000000Y+-3.000000Z+1.500000|(58,113,206)|1
-0.32 0.5385 0.141 1e+09
returning....0
-0.319
0.957

0|-0.000000X+-2.000000Y+-3.000000Z+1.500000|(58,113,206)|0
-0.319 0.5415 0.139 1e+09
returning....0
-0.318
0.954

0|-0.000000X+-2.000000Y+-3.000000Z+1.500000|(58,113,206)|1
-0.318 0.5445 0.137 1e+09
returning....0
-0.317
0.951

0|-0.000000X+-2.000000Y+-3.000000Z+1.500000|(58,113,206)|0
-0.317 0.5475 0.135 1e+09
returning....0
-0.316
0.948

0|-0.000000X+-2.000000Y+-3.000000Z+1.500000|(58,113,206)|1
-0.316 0.5505 0.133 1e+09
returning....0
-0.315
0.945

0|-0.000000X+-2.000000Y+-3.000000Z+1.500000|(58,113,206)|0
-0.315 0.5535 0.131 1e+09
returning....0
-0.314
0.942

0|-0.000000X+-2.000000Y+-3.000000Z+1.500000|(58,113,206)|1
-0.314 0.5565 0.129 1e+09
returning....0
-0.313
0.939

0|-0.000000X+-2.000000Y+-3.000000Z+1.500000|(58,113,206)|0
-0.313 0.5595 0.127 1e+09
returning....0
-0.312
0.936

0|-0.000000X+-2.000000Y+-3.000000Z+1.500000|(58,113,206)|1
-0.312 0.5625 0.125 1e+09
returning....0
-0.311
0.933

0|-0.000000X+-2.000000Y+-3.000000Z+1.500000|(58,113,206)|0
-0.311 0.5655 0.123 1e+09
returning....0
-0.31
0.93

0|-0.000000X+-2.000000Y+-3.000000Z+1.500000|(58,113,206)|1
-0.31 0.5685 0.121 1e+09
returning....0
-0.309
0.927

0|-0.000000X+-2.000000Y+-3.000000Z+1.500000|(58,113,206)|0
-0.309 0.5715 0.119 1e+09
returning....0
-0.308
0.924

0|-0.000000X+-2.000000Y+-3.000000Z+1.500000|(58,113,206)|1
-0.308 0.5745 0.117 1e+09
returning....0
-0.307
0.921

0|-0.000000X+-2.000000Y+-3.000000Z+1.500000|(58,113,206)|0
-0.307 0.5775 0.115 1e+09
returning....0
-0.306
0.918

0|-0.000000X+-2.000000Y+-3.000000Z+1.500000|(58,113,206)|1
-0.306 0.5805 0.113 1e+09
returning....0
-0.305
0.915

0|-0.000000X+-2.000000Y+-3.000000Z+1.500000|(58,113,206)|0
-0.305 0.5835 0.111 1e+09
returning....0
-0.304
0.912

0|-0.000000X+-2.000000Y+-3.000000Z+1.500000|(58,113,206)|1
-0.304 0.5865 0.109 1e+09
returning....0
-0.303
0.909

0|-0.000000X+-2.000000Y+-3.000000Z+1.500000|(58,113,206)|0
-0.303 0.5895 0.107 1e+09
returning....0
-0.302
0.906

0|-0.000000X+-2.000000Y+-3.000000Z+1.500000|(58,113,206)|1
-0.302 0.5925 0.105 1e+09
returning....0
-0.301
0.903

0|-0.000000X+-2.000000Y+-3.000000Z+1.500000|(58,113,206)|0
-0.301 0.5955 0.103 1e+09
returning....0
-0.3
0.9

0|-0.000000X+-2.000000Y+-3.000000Z+1.500000|(58,113,206)|1
-0.3 0.5985 0.101 1e+09
returning....0
-0.299
0.897

0|-0.000000X+-2.000000Y+-3.000000Z+1.500000|(58,113,206)|0
-0.299 0.6015 0.099 1e+09
returning....0
-0.298
0.894

0|-0.000000X+-2.000000Y+-3.000000Z+1.500000|(58,113,206)|1
-0.298 0.6045 0.097 1e+09
returning....0
-0.297
0.891

0|-0.000000X+-2.000000Y+-3.000000Z+1.500000|(58,113,206)|0
-0.297 0.6075 0.095 1e+09
returning....0
-0.296
0.888

0|-0.000000X+-2.000000Y+-3.000000Z+1.500000|(58,113,206)|1
-0.296 0.6105 0.093 1e+09
returning....0
-0.295
0.885

0|-0.000000X+-2.000000Y+-3.000000Z+1.500000|(58,113,206)|0
-0.295 0.6135 0.091 1e+09
returning....0
-0.294
0.882

0|-0.000000X+-2.000000Y+-3.000000Z+1.500000|(58,113,206)|1
-0.294 0.6165 0.089 1e+09
returning....0
-0.293
0.879

0|-0.000000X+-2.000000Y+-3.000000Z+1.500000|(58,113,206)|0
-0.293 0.6195 0.087 1e+09
returning....0
-0.292
0.876

0|-0.000000X+-2.000000Y+-3.000000Z+1.500000|(58,113,206)|1
-0.292 0.6225 0.085 1e+09
returning....0
-0.291
0.873

0|-0.000000X+-2.000000Y+-3.000000Z+1.500000|(58,113,206)|0
-0.291 0.6255 0.083 1e+09
returning....0
-0.29
0.87

0|-0.000000X+-2.000000Y+-3.000000Z+1.500000|(58,113,206)|1
-0.29 0.6285 0.081 1e+09
returning....0
-0.289
0.867

0|-0.000000X+-2.000000Y+-3.000000Z+1.500000|(58,113,206)|0
-0.289 0.6315 0.079 1e+09
returning....0
-0.288
0.864

0|-0.000000X+-2.000000Y+-3.000000Z+1.500000|(58,113,206)|1
-0.288 0.6345 0.077 1e+09
returning....0
-0.287
0.861

0|-0.000000X+-2.000000Y+-3.000000Z+1.500000|(58,113,206)|0
-0.287 0.6375 0.075 1e+09
returning....0
-0.286
0.858

0|-0.000000X+-2.000000Y+-3.000000Z+1.500000|(58,113,206)|1
-0.286 0.6405 0.073 1e+09
returning....0
-0.285
0.855

0|-0.000000X+-2.000000Y+-3.000000Z+1.500000|(58,113,206)|0
-0.285 0.6435 0.071 1e+09
returning....0
-0.284
0.852

0|-0.000000X+-2.000000Y+-3.000000Z+1.500000|(58,113,206)|1
-0.284 0.6465 0.069 1e+09
returning....0
-0.283
0.849

0|-0.000000X+-2.000000Y+-3.000000Z+1.500000|(58,113,206)|0
-0.283 0.6495 0.067 1e+09
returning....0
-0.282
0.846

0|-0.000000X+-2.000000Y+-3.000000Z+1.500000|(58,113,206)|1
-0.282 0.6525 0.065 1e+09
returning....0
-0.281
0.843

0|-0.000000X+-2.000000Y+-3.000000Z+1.500000|(58,113,206)|0
-0.281 0.6555 0.063 1e+09
returning....0
-0.28
0.84

0|-0.000000X+-2.000000Y+-3.000000Z+1.500000|(58,113,206)|1
-0.28 0.6585 0.061 1e+09
returning....0
-0.279
0.837

0|-0.000000X+-2.000000Y+-3.000000Z+1.500000|(58,113,206)|0
-0.279 0.6615 0.059 1e+09
returning....0
-0.278
0.834

0|-0.000000X+-2.000000Y+-3.000000Z+1.500000|(58,113,206)|1
-0.278 0.6645 0.057 1e+09
returning....0
-0.277
0.831

0|-0.000000X+-2.000000Y+-3.000000Z+1.500000|(58,113,206)|0
-0.277 0.6675 0.055 1e+09
returning....0
-0.276
0.828

0|-0.000000X+-2.000000Y+-3.000000Z+1.500000|(58,113,206)|1
-0.276 0.6705 0.053 1e+09
returning....0
-0.275
0.825

0|-0.000000X+-2.000000Y+-3.000000Z+1.500000|(58,113,206)|0
-0.275 0.6735 0.051 1e+09
returning....0
-0.274
0.822

0|-0.000000X+-2.000000Y+-3.000000Z+1.500000|(58,113,206)|1
-0.274 0.6765 0.049 1e+09
returning....0
-0.273
0.819

0|-0.000000X+-2.000000Y+-3.000000Z+1.500000|(58,113,206)|0
-0.273 0.6795 0.047 1e+09
returning....0
-0.272
0.816

0|-0.000000X+-2.000000Y+-3.000000Z+1.500000|(58,113,206)|1
-0.272 0.6825 0.045 1e+09
returning....0
-0.271
0.813

0|-0.000000X+-2.000000Y+-3.000000Z+1.500000|(58,113,206)|0
-0.271 0.6855 0.043 1e+09
returning....0
-0.27
0.81

0|-0.000000X+-2.000000Y+-3.000000Z+1.500000|(58,113,206)|1
-0.27 0.6885 0.041 1e+09
returning....0
-0.269
0.807

0|-0.000000X+-2.000000Y+-3.000000Z+1.500000|(58,113,206)|0
-0.269 0.6915 0.039 1e+09
returning....0
-0.268
0.804

0|-0.000000X+-2.000000Y+-3.000000Z+1.500000|(58,113,206)|1
-0.268 0.6945 0.037 1e+09
returning....0
-0.267
0.801

0|-0.000000X+-2.000000Y+-3.000000Z+1.500000|(58,113,206)|0
-0.267 0.6975 0.035 1e+09
returning....0
-0.266
0.798

0|-0.000000X+-2.000000Y+-3.000000Z+1.500000|(58,113,206)|1
-0.266 0.7005 0.033 1e+09
returning....0
-0.265
0.795

0|-0.000000X+-2.000000Y+-3.000000Z+1.500000|(58,113,206)|0
-0.265 0.7035 0.031 1e+09
returning....0
-0.264
0.792

0|-0.000000X+-2.000000Y+-3.000000Z+1.500000|(58,113,206)|1
-0.264 0.7065 0.029 1e+09
returning....0
-0.263
0.789

0|-0.000000X+-2.000000Y+-3.000000Z+1.500000|(58,113,206)|0
-0.263 0.7095 0.027 1e+09
returning....0
-0.262
0.786

0|-0.000000X+-2.000000Y+-3.000000Z+1.500000|(58,113,206)|1
-0.262 0.7125 0.025 1e+09
returning....0
-0.261
0.783

0|-0.000000X+-2.000000Y+-3.000000Z+1.500000|(58,113,206)|0
-0.261 0.7155 0.023 1e+09
returning....0
-0.26
0.78

0|-0.000000X+-2.000000Y+-3.000000Z+1.500000|(58,113,206)|1
-0.26 0.7185 0.021 1e+09
returning....0
-0.259
0.777

0|-0.000000X+-2.000000Y+-3.000000Z+1.500000|(58,113,206)|0
-0.259 0.7215 0.019 1e+09
returning....0
-0.258
0.774

0|-0.000000X+-2.000000Y+-3.000000Z+1.500000|(58,113,206)|1
-0.258 0.7245 0.017 1e+09
returning....0
-0.257
0.771

0|-0.000000X+-2.000000Y+-3.000000Z+1.500000|(58,113,206)|0
-0.257 0.7275 0.015 1e+09
returning....0
-0.256
0.768

0|-0.000000X+-2.000000Y+-3.000000Z+1.500000|(58,113,206)|1
-0.256 0.7305 0.013 1e+09
returning....0
-0.255
0.765

0|-0.000000X+-2.000000Y+-3.000000Z+1.500000|(58,113,206)|0
-0.255 0.7335 0.011 1e+09
returning....0
-0.254
0.762

0|-0.000000X+-2.000000Y+-3.000000Z+1.500000|(58,113,206)|1
-0.254 0.7365 0.009 1e+09
returning....0
-0.253
0.759

0|-0.000000X+-2.000000Y+-3.000000Z+1.500000|(58,113,206)|0
-0.253 0.7395 0.007 1e+09
returning....0
-0.252
0.756

0|-0.000000X+-2.000000Y+-3.000000Z+1.500000|(58,113,206)|1
-0.252 0.7425 0.005 1e+09
returning....0
-0.251
0.753

0|-0.000000X+-2.000000Y+-3.000000Z+1.500000|(58,113,206)|0
-0.251 0.7455 0.003 1e+09
returning....0
-0.25
0.75

0|-0.000000X+-2.000000Y+-3.000000Z+1.500000|(58,113,206)|1
-0.25 0.7485 0.001 1e+09
returning....0
